0.177250
0.265000
0.351704
0.437020
0.520611
0.602148
0.681309
0.757780
0.831261
0.901462
0.968104
1.030927
1.089680
1.144133
1.194071
1.239296
1.279630
1.314914
1.345009
1.369796
1.389176
1.403075
1.411436
1.414226
1.411436
1.403075
1.389176
1.369796
1.345009
1.314914
1.279630
1.239296
1.194071
1.144133
1.089680
1.030926
0.968104
0.901462
0.831261
0.757780
0.681309
0.602148
0.520611
0.437020
0.351704
0.264999
0.177249
0.088800
-0.000000
-0.088800
-0.177250
-0.265000
-0.351704
-0.437020
-0.520612
-0.602148
-0.681309
-0.757780
-0.831261
-0.901462
-0.968105
-1.030927
-1.089680
-1.144133
-1.194071
-1.239296
-1.279630
-1.314914
-1.345009
-1.369796
-1.389176
-1.403075
-1.411436
-1.414226
-1.411436
-1.403075
-1.389176
-1.369796
-1.345009
-1.314914
-1.279630
-1.239296
-1.194071
-1.144133
-1.089680
-1.030926
-0.968104
-0.901462
-0.831261
-0.757780
-0.681308
-0.602148
-0.520611
-0.437020
-0.351703
-0.264999
-0.177249
-0.088800
0.000000
0.088800
