-3.10000 0.001260
-3.00000 0.001890
-2.90000 0.002745
-2.80000 0.003899
-2.70000 0.005440
-2.60000 0.007471
-2.50000 0.010104
-2.40000 0.013465
-2.30000 0.017678
-2.20000 0.022867
-2.10000 0.029134
-2.00000 0.036555
-1.90000 0.045156
-1.80000 0.054901
-1.70000 0.065670
-1.60000 0.077252
-1.50000 0.089327
-1.40000 0.101470
-1.30000 0.113154
-1.20000 0.123766
-1.10000 0.132639
-1.00000 0.139088
-0.90000 0.142454
-0.80000 0.142165
-0.70000 0.137778
-0.60000 0.129038
-0.50000 0.115908
-0.40000 0.098598
-0.30000 0.077567
-0.20000 0.053506
-0.10000 0.027307
0.00000 -0.000000
0.10000 -0.027307
0.20000 -0.053506
0.30000 -0.077567
0.40000 -0.098598
0.50000 -0.115908
0.60000 -0.129038
0.70000 -0.137778
0.80000 -0.142165
0.90000 -0.142454
1.00000 -0.139088
1.10000 -0.132639
1.20000 -0.123766
1.30000 -0.113153
1.40000 -0.101470
1.50000 -0.089327
1.60000 -0.077252
1.70000 -0.065670
1.80000 -0.054901
1.90000 -0.045156
2.00000 -0.036555
2.10000 -0.029134
2.20000 -0.022866
2.30000 -0.017678
2.40000 -0.013464
2.50000 -0.010104
2.60000 -0.007470
2.70000 -0.005439
2.80000 -0.003897
2.90000 -0.002742
3.00000 -0.001886
3.10000 -0.001255
