-3.10000 0.001260
-3.00000 0.001890
-2.90000 0.002798
-2.80000 0.004088
-2.70000 0.005897
-2.60000 0.008400
-2.50000 0.011814
-2.40000 0.016403
-2.30000 0.022484
-2.20000 0.030424
-2.10000 0.040635
-2.00000 0.053571
-1.90000 0.069705
-1.80000 0.089513
-1.70000 0.113442
-1.60000 0.141872
-1.50000 0.175083
-1.40000 0.213202
-1.30000 0.256165
-1.20000 0.303678
-1.10000 0.355186
-1.00000 0.409857
-0.90000 0.466583
-0.80000 0.524002
-0.70000 0.580543
-0.60000 0.634485
-0.50000 0.684049
-0.40000 0.727484
-0.30000 0.763176
-0.20000 0.789744
-0.10000 0.806129
0.00000 0.811666
0.10000 0.806129
0.20000 0.789744
0.30000 0.763176
0.40000 0.727484
0.50000 0.684049
0.60000 0.634485
0.70000 0.580543
0.80000 0.524002
0.90000 0.466583
1.00000 0.409857
1.10000 0.355186
1.20000 0.303678
1.30000 0.256165
1.40000 0.213202
1.50000 0.175083
1.60000 0.141872
1.70000 0.113441
1.80000 0.089513
1.90000 0.069705
2.00000 0.053571
2.10000 0.040635
2.20000 0.030423
2.30000 0.022484
2.40000 0.016403
2.50000 0.011813
2.60000 0.008399
2.70000 0.005895
2.80000 0.004085
2.90000 0.002794
3.00000 0.001885
3.10000 0.001252
