-0.04600 0.004221
-0.04500 0.004943
-0.04400 0.006341
-0.04300 0.008565
-0.04200 0.011849
-0.04100 0.016528
-0.04000 0.023053
-0.03900 0.032018
-0.03800 0.044189
-0.03700 0.060540
-0.03600 0.082291
-0.03500 0.110952
-0.03400 0.148362
-0.03300 0.196738
-0.03200 0.258710
-0.03100 0.337357
-0.03000 0.436228
-0.02900 0.559345
-0.02800 0.711195
-0.02700 0.896683
-0.02600 1.121062
-0.02500 1.389827
-0.02400 1.708568
-0.02300 2.082782
-0.02200 2.517650
-0.02100 3.017775
-0.02000 3.586894
-0.01900 4.227563
-0.01800 4.940850
-0.01700 5.726023
-0.01600 6.580283
-0.01500 7.498526
-0.01400 8.473196
-0.01300 9.494202
-0.01200 10.548959
-0.01100 11.622531
-0.01000 12.697894
-0.00900 13.756331
-0.00800 14.777925
-0.00700 15.742155
-0.00600 16.628567
-0.00500 17.417482
-0.00400 18.090719
-0.00300 18.632288
-0.00200 19.029021
-0.00100 19.271105
0.00000 19.352482
0.00100 19.271105
0.00200 19.029023
0.00300 18.632290
0.00400 18.090722
0.00500 17.417486
0.00600 16.628571
0.00700 15.742160
0.00800 14.777930
0.00900 13.756337
0.01000 12.697900
0.01100 11.622538
0.01200 10.548967
0.01300 9.494210
0.01400 8.473204
0.01500 7.498535
0.01600 6.580293
0.01700 5.726034
0.01800 4.940861
0.01900 4.227576
0.02000 3.586908
0.02100 3.017791
0.02200 2.517667
0.02300 2.082801
0.02400 1.708590
0.02500 1.389854
0.02600 1.121093
0.02700 0.896720
0.02800 0.711240
0.02900 0.559400
0.03000 0.436295
0.03100 0.337440
0.03200 0.258814
0.03300 0.196870
0.03400 0.148531
0.03500 0.111171
0.03600 0.082578
0.03700 0.060917
0.03800 0.044691
0.03900 0.032693
0.04000 0.023970
0.04100 0.017784
0.04200 0.013584
0.04300 0.010985
0.04400 0.009748
0.04500 0.009782
0.04600 0.011157
