-3.10000 0.001260
-3.00000 0.001890
-2.90000 0.002641
-2.80000 0.003536
-2.70000 0.004590
-2.60000 0.005806
-2.50000 0.007176
-2.40000 0.008673
-2.30000 0.010250
-2.20000 0.011837
-2.10000 0.013344
-2.00000 0.014660
-1.90000 0.015659
-1.80000 0.016213
-1.70000 0.016199
-1.60000 0.015516
-1.50000 0.014100
-1.40000 0.011942
-1.30000 0.009091
-1.20000 0.005670
-1.10000 0.001868
-1.00000 -0.002065
-0.90000 -0.005840
-0.80000 -0.009150
-0.70000 -0.011706
-0.60000 -0.013266
-0.50000 -0.013664
-0.40000 -0.012839
-0.30000 -0.010844
-0.20000 -0.007847
-0.10000 -0.004117
0.00000 -0.000000
0.10000 0.004117
0.20000 0.007847
0.30000 0.010844
0.40000 0.012839
0.50000 0.013664
0.60000 0.013266
0.70000 0.011706
0.80000 0.009151
0.90000 0.005840
1.00000 0.002065
1.10000 -0.001868
1.20000 -0.005670
1.30000 -0.009091
1.40000 -0.011942
1.50000 -0.014100
1.60000 -0.015516
1.70000 -0.016199
1.80000 -0.016213
1.90000 -0.015659
2.00000 -0.014660
2.10000 -0.013344
2.20000 -0.011837
2.30000 -0.010250
2.40000 -0.008673
2.50000 -0.007176
2.60000 -0.005806
2.70000 -0.004590
2.80000 -0.003536
2.90000 -0.002641
3.00000 -0.001890
3.10000 -0.001260
