-3.10000 0.001260
-3.00000 0.001890
-2.90000 0.002693
-2.80000 0.003715
-2.70000 0.005005
-2.60000 0.006608
-2.50000 0.008564
-2.40000 0.010903
-2.30000 0.013636
-2.20000 0.016750
-2.10000 0.020200
-2.00000 0.023902
-1.90000 0.027729
-1.80000 0.031508
-1.70000 0.035025
-1.60000 0.038030
-1.50000 0.040254
-1.40000 0.041424
-1.30000 0.041294
-1.20000 0.039663
-1.10000 0.036411
-1.00000 0.031517
-0.90000 0.025082
-0.80000 0.017333
-0.70000 0.008623
-0.60000 -0.000588
-0.50000 -0.009760
-0.40000 -0.018314
-0.30000 -0.025683
-0.20000 -0.031358
-0.10000 -0.034935
0.00000 -0.036158
0.10000 -0.034935
0.20000 -0.031358
0.30000 -0.025683
0.40000 -0.018314
0.50000 -0.009760
0.60000 -0.000588
0.70000 0.008622
0.80000 0.017333
0.90000 0.025082
1.00000 0.031517
1.10000 0.036411
1.20000 0.039663
1.30000 0.041294
1.40000 0.041424
1.50000 0.040254
1.60000 0.038030
1.70000 0.035025
1.80000 0.031508
1.90000 0.027729
2.00000 0.023902
2.10000 0.020200
2.20000 0.016750
2.30000 0.013636
2.40000 0.010903
2.50000 0.008564
2.60000 0.006608
2.70000 0.005005
2.80000 0.003716
2.90000 0.002693
3.00000 0.001890
3.10000 0.001260
