-0.03951 0.010000
-0.03950 0.010039
-0.03949 0.010079
-0.03948 0.010118
-0.03947 0.010158
-0.03946 0.010198
-0.03945 0.010237
-0.03944 0.010277
-0.03943 0.010317
-0.03942 0.010357
-0.03941 0.010398
-0.03940 0.010438
-0.03939 0.010479
-0.03938 0.010519
-0.03937 0.010560
-0.03936 0.010601
-0.03935 0.010641
-0.03934 0.010682
-0.03933 0.010724
-0.03932 0.010765
-0.03931 0.010806
-0.03930 0.010847
-0.03929 0.010889
-0.03928 0.010931
-0.03927 0.010972
-0.03926 0.011014
-0.03925 0.011056
-0.03924 0.011098
-0.03923 0.011141
-0.03922 0.011183
-0.03921 0.011225
-0.03920 0.011268
-0.03919 0.011311
-0.03918 0.011353
-0.03917 0.011396
-0.03916 0.011439
-0.03915 0.011482
-0.03914 0.011526
-0.03913 0.011569
-0.03912 0.011612
-0.03911 0.011656
-0.03910 0.011700
-0.03909 0.011743
-0.03908 0.011787
-0.03907 0.011831
-0.03906 0.011876
-0.03905 0.011920
-0.03904 0.011964
-0.03903 0.012009
-0.03902 0.012053
-0.03901 0.012098
-0.03900 0.012143
-0.03899 0.012188
-0.03898 0.012233
-0.03897 0.012278
-0.03896 0.012324
-0.03895 0.012369
-0.03894 0.012415
-0.03893 0.012461
-0.03892 0.012507
-0.03891 0.012553
-0.03890 0.012599
-0.03889 0.012645
-0.03888 0.012691
-0.03887 0.012738
-0.03886 0.012784
-0.03885 0.012831
-0.03884 0.012878
-0.03883 0.012925
-0.03882 0.012972
-0.03881 0.013019
-0.03880 0.013067
-0.03879 0.013114
-0.03878 0.013162
-0.03877 0.013210
-0.03876 0.013257
-0.03875 0.013305
-0.03874 0.013354
-0.03873 0.013402
-0.03872 0.013450
-0.03871 0.013499
-0.03870 0.013548
-0.03869 0.013596
-0.03868 0.013645
-0.03867 0.013694
-0.03866 0.013744
-0.03865 0.013793
-0.03864 0.013842
-0.03863 0.013892
-0.03862 0.013942
-0.03861 0.013992
-0.03860 0.014042
-0.03859 0.014092
-0.03858 0.014142
-0.03857 0.014193
-0.03856 0.014243
-0.03855 0.014294
-0.03854 0.014345
-0.03853 0.014396
-0.03852 0.014447
-0.03851 0.014498
-0.03850 0.014550
-0.03849 0.014601
-0.03848 0.014653
-0.03847 0.014705
-0.03846 0.014757
-0.03845 0.014809
-0.03844 0.014861
-0.03843 0.014913
-0.03842 0.014966
-0.03841 0.015019
-0.03840 0.015072
-0.03839 0.015124
-0.03838 0.015178
-0.03837 0.015231
-0.03836 0.015284
-0.03835 0.015338
-0.03834 0.015392
-0.03833 0.015445
-0.03832 0.015499
-0.03831 0.015554
-0.03830 0.015608
-0.03829 0.015662
-0.03828 0.015717
-0.03827 0.015772
-0.03826 0.015827
-0.03825 0.015882
-0.03824 0.015937
-0.03823 0.015992
-0.03822 0.016048
-0.03821 0.016104
-0.03820 0.016159
-0.03819 0.016215
-0.03818 0.016271
-0.03817 0.016328
-0.03816 0.016384
-0.03815 0.016441
-0.03814 0.016498
-0.03813 0.016554
-0.03812 0.016612
-0.03811 0.016669
-0.03810 0.016726
-0.03809 0.016784
-0.03808 0.016841
-0.03807 0.016899
-0.03806 0.016957
-0.03805 0.017015
-0.03804 0.017074
-0.03803 0.017132
-0.03802 0.017191
-0.03801 0.017250
-0.03800 0.017309
-0.03799 0.017368
-0.03798 0.017427
-0.03797 0.017487
-0.03796 0.017546
-0.03795 0.017606
-0.03794 0.017666
-0.03793 0.017726
-0.03792 0.017787
-0.03791 0.017847
-0.03790 0.017908
-0.03789 0.017969
-0.03788 0.018029
-0.03787 0.018091
-0.03786 0.018152
-0.03785 0.018213
-0.03784 0.018275
-0.03783 0.018337
-0.03782 0.018399
-0.03781 0.018461
-0.03780 0.018523
-0.03779 0.018586
-0.03778 0.018649
-0.03777 0.018711
-0.03776 0.018774
-0.03775 0.018838
-0.03774 0.018901
-0.03773 0.018965
-0.03772 0.019028
-0.03771 0.019092
-0.03770 0.019156
-0.03769 0.019221
-0.03768 0.019285
-0.03767 0.019350
-0.03766 0.019414
-0.03765 0.019479
-0.03764 0.019545
-0.03763 0.019610
-0.03762 0.019675
-0.03761 0.019741
-0.03760 0.019807
-0.03759 0.019873
-0.03758 0.019939
-0.03757 0.020006
-0.03756 0.020072
-0.03755 0.020139
-0.03754 0.020206
-0.03753 0.020273
-0.03752 0.020341
-0.03751 0.020408
-0.03750 0.020476
-0.03749 0.020544
-0.03748 0.020612
-0.03747 0.020680
-0.03746 0.020749
-0.03745 0.020817
-0.03744 0.020886
-0.03743 0.020955
-0.03742 0.021024
-0.03741 0.021094
-0.03740 0.021163
-0.03739 0.021233
-0.03738 0.021303
-0.03737 0.021373
-0.03736 0.021444
-0.03735 0.021514
-0.03734 0.021585
-0.03733 0.021656
-0.03732 0.021727
-0.03731 0.021799
-0.03730 0.021870
-0.03729 0.021942
-0.03728 0.022014
-0.03727 0.022086
-0.03726 0.022158
-0.03725 0.022231
-0.03724 0.022304
-0.03723 0.022377
-0.03722 0.022450
-0.03721 0.022523
-0.03720 0.022597
-0.03719 0.022671
-0.03718 0.022745
-0.03717 0.022819
-0.03716 0.022893
-0.03715 0.022968
-0.03714 0.023043
-0.03713 0.023118
-0.03712 0.023193
-0.03711 0.023268
-0.03710 0.023344
-0.03709 0.023420
-0.03708 0.023496
-0.03707 0.023572
-0.03706 0.023648
-0.03705 0.023725
-0.03704 0.023802
-0.03703 0.023879
-0.03702 0.023956
-0.03701 0.024034
-0.03700 0.024112
-0.03699 0.024189
-0.03698 0.024268
-0.03697 0.024346
-0.03696 0.024425
-0.03695 0.024503
-0.03694 0.024582
-0.03693 0.024662
-0.03692 0.024741
-0.03691 0.024821
-0.03690 0.024901
-0.03689 0.024981
-0.03688 0.025061
-0.03687 0.025142
-0.03686 0.025222
-0.03685 0.025303
-0.03684 0.025385
-0.03683 0.025466
-0.03682 0.025548
-0.03681 0.025630
-0.03680 0.025712
-0.03679 0.025794
-0.03678 0.025877
-0.03677 0.025960
-0.03676 0.026043
-0.03675 0.026126
-0.03674 0.026209
-0.03673 0.026293
-0.03672 0.026377
-0.03671 0.026461
-0.03670 0.026546
-0.03669 0.026630
-0.03668 0.026715
-0.03667 0.026800
-0.03666 0.026886
-0.03665 0.026971
-0.03664 0.027057
-0.03663 0.027143
-0.03662 0.027229
-0.03661 0.027316
-0.03660 0.027402
-0.03659 0.027489
-0.03658 0.027577
-0.03657 0.027664
-0.03656 0.027752
-0.03655 0.027840
-0.03654 0.027928
-0.03653 0.028016
-0.03652 0.028105
-0.03651 0.028194
-0.03650 0.028283
-0.03649 0.028373
-0.03648 0.028462
-0.03647 0.028552
-0.03646 0.028642
-0.03645 0.028733
-0.03644 0.028823
-0.03643 0.028914
-0.03642 0.029005
-0.03641 0.029097
-0.03640 0.029188
-0.03639 0.029280
-0.03638 0.029372
-0.03637 0.029465
-0.03636 0.029557
-0.03635 0.029650
-0.03634 0.029743
-0.03633 0.029837
-0.03632 0.029930
-0.03631 0.030024
-0.03630 0.030118
-0.03629 0.030213
-0.03628 0.030307
-0.03627 0.030402
-0.03626 0.030497
-0.03625 0.030593
-0.03624 0.030688
-0.03623 0.030784
-0.03622 0.030881
-0.03621 0.030977
-0.03620 0.031074
-0.03619 0.031171
-0.03618 0.031268
-0.03617 0.031366
-0.03616 0.031463
-0.03615 0.031562
-0.03614 0.031660
-0.03613 0.031758
-0.03612 0.031857
-0.03611 0.031956
-0.03610 0.032056
-0.03609 0.032156
-0.03608 0.032255
-0.03607 0.032356
-0.03606 0.032456
-0.03605 0.032557
-0.03604 0.032658
-0.03603 0.032759
-0.03602 0.032861
-0.03601 0.032963
-0.03600 0.033065
-0.03599 0.033167
-0.03598 0.033270
-0.03597 0.033373
-0.03596 0.033476
-0.03595 0.033580
-0.03594 0.033683
-0.03593 0.033788
-0.03592 0.033892
-0.03591 0.033997
-0.03590 0.034101
-0.03589 0.034207
-0.03588 0.034312
-0.03587 0.034418
-0.03586 0.034524
-0.03585 0.034630
-0.03584 0.034737
-0.03583 0.034844
-0.03582 0.034951
-0.03581 0.035059
-0.03580 0.035166
-0.03579 0.035275
-0.03578 0.035383
-0.03577 0.035492
-0.03576 0.035601
-0.03575 0.035710
-0.03574 0.035819
-0.03573 0.035929
-0.03572 0.036039
-0.03571 0.036150
-0.03570 0.036260
-0.03569 0.036371
-0.03568 0.036483
-0.03567 0.036594
-0.03566 0.036706
-0.03565 0.036819
-0.03564 0.036931
-0.03563 0.037044
-0.03562 0.037157
-0.03561 0.037270
-0.03560 0.037384
-0.03559 0.037498
-0.03558 0.037613
-0.03557 0.037727
-0.03556 0.037842
-0.03555 0.037957
-0.03554 0.038073
-0.03553 0.038189
-0.03552 0.038305
-0.03551 0.038422
-0.03550 0.038538
-0.03549 0.038656
-0.03548 0.038773
-0.03547 0.038891
-0.03546 0.039009
-0.03545 0.039127
-0.03544 0.039246
-0.03543 0.039365
-0.03542 0.039484
-0.03541 0.039604
-0.03540 0.039724
-0.03539 0.039844
-0.03538 0.039965
-0.03537 0.040086
-0.03536 0.040207
-0.03535 0.040329
-0.03534 0.040451
-0.03533 0.040573
-0.03532 0.040695
-0.03531 0.040818
-0.03530 0.040942
-0.03529 0.041065
-0.03528 0.041189
-0.03527 0.041313
-0.03526 0.041438
-0.03525 0.041563
-0.03524 0.041688
-0.03523 0.041813
-0.03522 0.041939
-0.03521 0.042065
-0.03520 0.042192
-0.03519 0.042319
-0.03518 0.042446
-0.03517 0.042574
-0.03516 0.042701
-0.03515 0.042830
-0.03514 0.042958
-0.03513 0.043087
-0.03512 0.043216
-0.03511 0.043346
-0.03510 0.043476
-0.03509 0.043606
-0.03508 0.043737
-0.03507 0.043868
-0.03506 0.043999
-0.03505 0.044131
-0.03504 0.044263
-0.03503 0.044395
-0.03502 0.044528
-0.03501 0.044661
-0.03500 0.044794
-0.03499 0.044928
-0.03498 0.045062
-0.03497 0.045196
-0.03496 0.045331
-0.03495 0.045466
-0.03494 0.045602
-0.03493 0.045738
-0.03492 0.045874
-0.03491 0.046011
-0.03490 0.046148
-0.03489 0.046285
-0.03488 0.046423
-0.03487 0.046561
-0.03486 0.046699
-0.03485 0.046838
-0.03484 0.046977
-0.03483 0.047116
-0.03482 0.047256
-0.03481 0.047396
-0.03480 0.047537
-0.03479 0.047678
-0.03478 0.047819
-0.03477 0.047961
-0.03476 0.048103
-0.03475 0.048246
-0.03474 0.048388
-0.03473 0.048532
-0.03472 0.048675
-0.03471 0.048819
-0.03470 0.048963
-0.03469 0.049108
-0.03468 0.049253
-0.03467 0.049399
-0.03466 0.049545
-0.03465 0.049691
-0.03464 0.049837
-0.03463 0.049984
-0.03462 0.050132
-0.03461 0.050280
-0.03460 0.050428
-0.03459 0.050576
-0.03458 0.050725
-0.03457 0.050874
-0.03456 0.051024
-0.03455 0.051174
-0.03454 0.051325
-0.03453 0.051475
-0.03452 0.051627
-0.03451 0.051778
-0.03450 0.051930
-0.03449 0.052083
-0.03448 0.052236
-0.03447 0.052389
-0.03446 0.052543
-0.03445 0.052697
-0.03444 0.052851
-0.03443 0.053006
-0.03442 0.053161
-0.03441 0.053317
-0.03440 0.053473
-0.03439 0.053629
-0.03438 0.053786
-0.03437 0.053943
-0.03436 0.054101
-0.03435 0.054259
-0.03434 0.054417
-0.03433 0.054576
-0.03432 0.054736
-0.03431 0.054895
-0.03430 0.055055
-0.03429 0.055216
-0.03428 0.055377
-0.03427 0.055538
-0.03426 0.055700
-0.03425 0.055862
-0.03424 0.056025
-0.03423 0.056188
-0.03422 0.056351
-0.03421 0.056515
-0.03420 0.056680
-0.03419 0.056844
-0.03418 0.057009
-0.03417 0.057175
-0.03416 0.057341
-0.03415 0.057507
-0.03414 0.057674
-0.03413 0.057842
-0.03412 0.058009
-0.03411 0.058177
-0.03410 0.058346
-0.03409 0.058515
-0.03408 0.058684
-0.03407 0.058854
-0.03406 0.059025
-0.03405 0.059195
-0.03404 0.059367
-0.03403 0.059538
-0.03402 0.059710
-0.03401 0.059883
-0.03400 0.060056
-0.03399 0.060229
-0.03398 0.060403
-0.03397 0.060577
-0.03396 0.060752
-0.03395 0.060927
-0.03394 0.061103
-0.03393 0.061279
-0.03392 0.061455
-0.03391 0.061632
-0.03390 0.061810
-0.03389 0.061988
-0.03388 0.062166
-0.03387 0.062345
-0.03386 0.062524
-0.03385 0.062704
-0.03384 0.062884
-0.03383 0.063064
-0.03382 0.063245
-0.03381 0.063427
-0.03380 0.063609
-0.03379 0.063791
-0.03378 0.063974
-0.03377 0.064158
-0.03376 0.064341
-0.03375 0.064526
-0.03374 0.064711
-0.03373 0.064896
-0.03372 0.065081
-0.03371 0.065268
-0.03370 0.065454
-0.03369 0.065641
-0.03368 0.065829
-0.03367 0.066017
-0.03366 0.066206
-0.03365 0.066395
-0.03364 0.066584
-0.03363 0.066774
-0.03362 0.066965
-0.03361 0.067156
-0.03360 0.067347
-0.03359 0.067539
-0.03358 0.067731
-0.03357 0.067924
-0.03356 0.068118
-0.03355 0.068311
-0.03354 0.068506
-0.03353 0.068701
-0.03352 0.068896
-0.03351 0.069092
-0.03350 0.069288
-0.03349 0.069485
-0.03348 0.069682
-0.03347 0.069880
-0.03346 0.070078
-0.03345 0.070277
-0.03344 0.070476
-0.03343 0.070676
-0.03342 0.070876
-0.03341 0.071077
-0.03340 0.071279
-0.03339 0.071480
-0.03338 0.071683
-0.03337 0.071885
-0.03336 0.072089
-0.03335 0.072293
-0.03334 0.072497
-0.03333 0.072702
-0.03332 0.072907
-0.03331 0.073113
-0.03330 0.073319
-0.03329 0.073526
-0.03328 0.073734
-0.03327 0.073942
-0.03326 0.074150
-0.03325 0.074359
-0.03324 0.074569
-0.03323 0.074779
-0.03322 0.074989
-0.03321 0.075200
-0.03320 0.075412
-0.03319 0.075624
-0.03318 0.075837
-0.03317 0.076050
-0.03316 0.076264
-0.03315 0.076478
-0.03314 0.076693
-0.03313 0.076908
-0.03312 0.077124
-0.03311 0.077340
-0.03310 0.077557
-0.03309 0.077775
-0.03308 0.077993
-0.03307 0.078211
-0.03306 0.078430
-0.03305 0.078650
-0.03304 0.078870
-0.03303 0.079091
-0.03302 0.079312
-0.03301 0.079534
-0.03300 0.079756
-0.03299 0.079979
-0.03298 0.080202
-0.03297 0.080426
-0.03296 0.080651
-0.03295 0.080876
-0.03294 0.081102
-0.03293 0.081328
-0.03292 0.081555
-0.03291 0.081782
-0.03290 0.082010
-0.03289 0.082239
-0.03288 0.082468
-0.03287 0.082697
-0.03286 0.082927
-0.03285 0.083158
-0.03284 0.083389
-0.03283 0.083621
-0.03282 0.083854
-0.03281 0.084087
-0.03280 0.084320
-0.03279 0.084554
-0.03278 0.084789
-0.03277 0.085024
-0.03276 0.085260
-0.03275 0.085497
-0.03274 0.085734
-0.03273 0.085971
-0.03272 0.086209
-0.03271 0.086448
-0.03270 0.086688
-0.03269 0.086928
-0.03268 0.087168
-0.03267 0.087409
-0.03266 0.087651
-0.03265 0.087893
-0.03264 0.088136
-0.03263 0.088380
-0.03262 0.088624
-0.03261 0.088868
-0.03260 0.089114
-0.03259 0.089359
-0.03258 0.089606
-0.03257 0.089853
-0.03256 0.090101
-0.03255 0.090349
-0.03254 0.090598
-0.03253 0.090847
-0.03252 0.091097
-0.03251 0.091348
-0.03250 0.091599
-0.03249 0.091851
-0.03248 0.092104
-0.03247 0.092357
-0.03246 0.092611
-0.03245 0.092865
-0.03244 0.093120
-0.03243 0.093376
-0.03242 0.093632
-0.03241 0.093889
-0.03240 0.094146
-0.03239 0.094404
-0.03238 0.094663
-0.03237 0.094922
-0.03236 0.095182
-0.03235 0.095443
-0.03234 0.095704
-0.03233 0.095966
-0.03232 0.096228
-0.03231 0.096491
-0.03230 0.096755
-0.03229 0.097019
-0.03228 0.097284
-0.03227 0.097550
-0.03226 0.097816
-0.03225 0.098083
-0.03224 0.098351
-0.03223 0.098619
-0.03222 0.098888
-0.03221 0.099157
-0.03220 0.099428
-0.03219 0.099698
-0.03218 0.099970
-0.03217 0.100242
-0.03216 0.100515
-0.03215 0.100788
-0.03214 0.101062
-0.03213 0.101337
-0.03212 0.101612
-0.03211 0.101888
-0.03210 0.102165
-0.03209 0.102442
-0.03208 0.102720
-0.03207 0.102999
-0.03206 0.103278
-0.03205 0.103558
-0.03204 0.103839
-0.03203 0.104120
-0.03202 0.104402
-0.03201 0.104685
-0.03200 0.104968
-0.03199 0.105252
-0.03198 0.105537
-0.03197 0.105823
-0.03196 0.106109
-0.03195 0.106395
-0.03194 0.106683
-0.03193 0.106971
-0.03192 0.107260
-0.03191 0.107549
-0.03190 0.107839
-0.03189 0.108130
-0.03188 0.108422
-0.03187 0.108714
-0.03186 0.109007
-0.03185 0.109301
-0.03184 0.109595
-0.03183 0.109890
-0.03182 0.110186
-0.03181 0.110482
-0.03180 0.110779
-0.03179 0.111077
-0.03178 0.111376
-0.03177 0.111675
-0.03176 0.111975
-0.03175 0.112276
-0.03174 0.112577
-0.03173 0.112879
-0.03172 0.113182
-0.03171 0.113485
-0.03170 0.113789
-0.03169 0.114094
-0.03168 0.114400
-0.03167 0.114706
-0.03166 0.115013
-0.03165 0.115321
-0.03164 0.115630
-0.03163 0.115939
-0.03162 0.116249
-0.03161 0.116560
-0.03160 0.116871
-0.03159 0.117183
-0.03158 0.117496
-0.03157 0.117810
-0.03156 0.118124
-0.03155 0.118439
-0.03154 0.118755
-0.03153 0.119072
-0.03152 0.119389
-0.03151 0.119707
-0.03150 0.120026
-0.03149 0.120346
-0.03148 0.120666
-0.03147 0.120987
-0.03146 0.121309
-0.03145 0.121631
-0.03144 0.121955
-0.03143 0.122279
-0.03142 0.122603
-0.03141 0.122929
-0.03140 0.123255
-0.03139 0.123582
-0.03138 0.123910
-0.03137 0.124239
-0.03136 0.124568
-0.03135 0.124898
-0.03134 0.125229
-0.03133 0.125561
-0.03132 0.125893
-0.03131 0.126226
-0.03130 0.126560
-0.03129 0.126895
-0.03128 0.127231
-0.03127 0.127567
-0.03126 0.127904
-0.03125 0.128242
-0.03124 0.128581
-0.03123 0.128920
-0.03122 0.129260
-0.03121 0.129601
-0.03120 0.129943
-0.03119 0.130286
-0.03118 0.130629
-0.03117 0.130973
-0.03116 0.131318
-0.03115 0.131664
-0.03114 0.132010
-0.03113 0.132358
-0.03112 0.132706
-0.03111 0.133055
-0.03110 0.133405
-0.03109 0.133755
-0.03108 0.134106
-0.03107 0.134459
-0.03106 0.134812
-0.03105 0.135165
-0.03104 0.135520
-0.03103 0.135875
-0.03102 0.136232
-0.03101 0.136589
-0.03100 0.136946
-0.03099 0.137305
-0.03098 0.137665
-0.03097 0.138025
-0.03096 0.138386
-0.03095 0.138748
-0.03094 0.139111
-0.03093 0.139474
-0.03092 0.139839
-0.03091 0.140204
-0.03090 0.140570
-0.03089 0.140937
-0.03088 0.141305
-0.03087 0.141674
-0.03086 0.142043
-0.03085 0.142413
-0.03084 0.142785
-0.03083 0.143157
-0.03082 0.143529
-0.03081 0.143903
-0.03080 0.144278
-0.03079 0.144653
-0.03078 0.145029
-0.03077 0.145406
-0.03076 0.145784
-0.03075 0.146163
-0.03074 0.146543
-0.03073 0.146923
-0.03072 0.147305
-0.03071 0.147687
-0.03070 0.148070
-0.03069 0.148454
-0.03068 0.148839
-0.03067 0.149225
-0.03066 0.149611
-0.03065 0.149999
-0.03064 0.150387
-0.03063 0.150776
-0.03062 0.151166
-0.03061 0.151557
-0.03060 0.151949
-0.03059 0.152342
-0.03058 0.152735
-0.03057 0.153130
-0.03056 0.153525
-0.03055 0.153921
-0.03054 0.154319
-0.03053 0.154717
-0.03052 0.155116
-0.03051 0.155516
-0.03050 0.155916
-0.03049 0.156318
-0.03048 0.156720
-0.03047 0.157124
-0.03046 0.157528
-0.03045 0.157933
-0.03044 0.158340
-0.03043 0.158747
-0.03042 0.159155
-0.03041 0.159564
-0.03040 0.159973
-0.03039 0.160384
-0.03038 0.160796
-0.03037 0.161208
-0.03036 0.161622
-0.03035 0.162036
-0.03034 0.162452
-0.03033 0.162868
-0.03032 0.163285
-0.03031 0.163703
-0.03030 0.164122
-0.03029 0.164542
-0.03028 0.164963
-0.03027 0.165385
-0.03026 0.165808
-0.03025 0.166231
-0.03024 0.166656
-0.03023 0.167081
-0.03022 0.167508
-0.03021 0.167936
-0.03020 0.168364
-0.03019 0.168793
-0.03018 0.169224
-0.03017 0.169655
-0.03016 0.170087
-0.03015 0.170520
-0.03014 0.170954
-0.03013 0.171390
-0.03012 0.171826
-0.03011 0.172263
-0.03010 0.172701
-0.03009 0.173140
-0.03008 0.173580
-0.03007 0.174020
-0.03006 0.174462
-0.03005 0.174905
-0.03004 0.175349
-0.03003 0.175794
-0.03002 0.176240
-0.03001 0.176686
-0.03000 0.177134
-0.02999 0.177583
-0.02998 0.178032
-0.02997 0.178483
-0.02996 0.178935
-0.02995 0.179387
-0.02994 0.179841
-0.02993 0.180296
-0.02992 0.180751
-0.02991 0.181208
-0.02990 0.181666
-0.02989 0.182124
-0.02988 0.182584
-0.02987 0.183045
-0.02986 0.183506
-0.02985 0.183969
-0.02984 0.184433
-0.02983 0.184897
-0.02982 0.185363
-0.02981 0.185830
-0.02980 0.186297
-0.02979 0.186766
-0.02978 0.187236
-0.02977 0.187707
-0.02976 0.188178
-0.02975 0.188651
-0.02974 0.189125
-0.02973 0.189600
-0.02972 0.190076
-0.02971 0.190553
-0.02970 0.191031
-0.02969 0.191510
-0.02968 0.191990
-0.02967 0.192471
-0.02966 0.192953
-0.02965 0.193436
-0.02964 0.193920
-0.02963 0.194406
-0.02962 0.194892
-0.02961 0.195379
-0.02960 0.195868
-0.02959 0.196357
-0.02958 0.196848
-0.02957 0.197339
-0.02956 0.197832
-0.02955 0.198326
-0.02954 0.198821
-0.02953 0.199316
-0.02952 0.199813
-0.02951 0.200311
-0.02950 0.200810
-0.02949 0.201310
-0.02948 0.201812
-0.02947 0.202314
-0.02946 0.202817
-0.02945 0.203322
-0.02944 0.203827
-0.02943 0.204334
-0.02942 0.204841
-0.02941 0.205350
-0.02940 0.205860
-0.02939 0.206371
-0.02938 0.206883
-0.02937 0.207396
-0.02936 0.207910
-0.02935 0.208426
-0.02934 0.208942
-0.02933 0.209459
-0.02932 0.209978
-0.02931 0.210498
-0.02930 0.211019
-0.02929 0.211541
-0.02928 0.212064
-0.02927 0.212588
-0.02926 0.213113
-0.02925 0.213639
-0.02924 0.214167
-0.02923 0.214696
-0.02922 0.215225
-0.02921 0.215756
-0.02920 0.216288
-0.02919 0.216821
-0.02918 0.217356
-0.02917 0.217891
-0.02916 0.218427
-0.02915 0.218965
-0.02914 0.219504
-0.02913 0.220044
-0.02912 0.220585
-0.02911 0.221127
-0.02910 0.221671
-0.02909 0.222215
-0.02908 0.222761
-0.02907 0.223307
-0.02906 0.223855
-0.02905 0.224405
-0.02904 0.224955
-0.02903 0.225506
-0.02902 0.226059
-0.02901 0.226613
-0.02900 0.227168
-0.02899 0.227724
-0.02898 0.228281
-0.02897 0.228839
-0.02896 0.229399
-0.02895 0.229960
-0.02894 0.230522
-0.02893 0.231085
-0.02892 0.231649
-0.02891 0.232214
-0.02890 0.232781
-0.02889 0.233349
-0.02888 0.233918
-0.02887 0.234488
-0.02886 0.235060
-0.02885 0.235632
-0.02884 0.236206
-0.02883 0.236781
-0.02882 0.237357
-0.02881 0.237934
-0.02880 0.238513
-0.02879 0.239093
-0.02878 0.239674
-0.02877 0.240256
-0.02876 0.240839
-0.02875 0.241424
-0.02874 0.242010
-0.02873 0.242597
-0.02872 0.243185
-0.02871 0.243775
-0.02870 0.244365
-0.02869 0.244957
-0.02868 0.245551
-0.02867 0.246145
-0.02866 0.246741
-0.02865 0.247337
-0.02864 0.247936
-0.02863 0.248535
-0.02862 0.249135
-0.02861 0.249737
-0.02860 0.250340
-0.02859 0.250945
-0.02858 0.251550
-0.02857 0.252157
-0.02856 0.252765
-0.02855 0.253374
-0.02854 0.253985
-0.02853 0.254596
-0.02852 0.255209
-0.02851 0.255824
-0.02850 0.256439
-0.02849 0.257056
-0.02848 0.257674
-0.02847 0.258294
-0.02846 0.258914
-0.02845 0.259536
-0.02844 0.260159
-0.02843 0.260784
-0.02842 0.261410
-0.02841 0.262037
-0.02840 0.262665
-0.02839 0.263294
-0.02838 0.263925
-0.02837 0.264557
-0.02836 0.265191
-0.02835 0.265826
-0.02834 0.266462
-0.02833 0.267099
-0.02832 0.267738
-0.02831 0.268377
-0.02830 0.269019
-0.02829 0.269661
-0.02828 0.270305
-0.02827 0.270950
-0.02826 0.271597
-0.02825 0.272244
-0.02824 0.272893
-0.02823 0.273544
-0.02822 0.274195
-0.02821 0.274848
-0.02820 0.275503
-0.02819 0.276158
-0.02818 0.276815
-0.02817 0.277474
-0.02816 0.278133
-0.02815 0.278794
-0.02814 0.279457
-0.02813 0.280120
-0.02812 0.280785
-0.02811 0.281452
-0.02810 0.282119
-0.02809 0.282788
-0.02808 0.283459
-0.02807 0.284130
-0.02806 0.284803
-0.02805 0.285478
-0.02804 0.286154
-0.02803 0.286831
-0.02802 0.287509
-0.02801 0.288189
-0.02800 0.288870
-0.02799 0.289553
-0.02798 0.290237
-0.02797 0.290922
-0.02796 0.291609
-0.02795 0.292297
-0.02794 0.292986
-0.02793 0.293677
-0.02792 0.294369
-0.02791 0.295063
-0.02790 0.295758
-0.02789 0.296454
-0.02788 0.297152
-0.02787 0.297851
-0.02786 0.298552
-0.02785 0.299253
-0.02784 0.299957
-0.02783 0.300661
-0.02782 0.301368
-0.02781 0.302075
-0.02780 0.302784
-0.02779 0.303494
-0.02778 0.304206
-0.02777 0.304919
-0.02776 0.305634
-0.02775 0.306350
-0.02774 0.307067
-0.02773 0.307786
-0.02772 0.308506
-0.02771 0.309228
-0.02770 0.309951
-0.02769 0.310675
-0.02768 0.311401
-0.02767 0.312129
-0.02766 0.312857
-0.02765 0.313588
-0.02764 0.314319
-0.02763 0.315052
-0.02762 0.315787
-0.02761 0.316523
-0.02760 0.317260
-0.02759 0.317999
-0.02758 0.318740
-0.02757 0.319481
-0.02756 0.320225
-0.02755 0.320969
-0.02754 0.321716
-0.02753 0.322463
-0.02752 0.323212
-0.02751 0.323963
-0.02750 0.324715
-0.02749 0.325468
-0.02748 0.326223
-0.02747 0.326980
-0.02746 0.327738
-0.02745 0.328497
-0.02744 0.329258
-0.02743 0.330020
-0.02742 0.330784
-0.02741 0.331550
-0.02740 0.332316
-0.02739 0.333085
-0.02738 0.333855
-0.02737 0.334626
-0.02736 0.335399
-0.02735 0.336173
-0.02734 0.336949
-0.02733 0.337726
-0.02732 0.338505
-0.02731 0.339285
-0.02730 0.340067
-0.02729 0.340851
-0.02728 0.341635
-0.02727 0.342422
-0.02726 0.343210
-0.02725 0.343999
-0.02724 0.344790
-0.02723 0.345583
-0.02722 0.346377
-0.02721 0.347172
-0.02720 0.347969
-0.02719 0.348768
-0.02718 0.349568
-0.02717 0.350370
-0.02716 0.351173
-0.02715 0.351978
-0.02714 0.352784
-0.02713 0.353592
-0.02712 0.354401
-0.02711 0.355212
-0.02710 0.356025
-0.02709 0.356839
-0.02708 0.357655
-0.02707 0.358472
-0.02706 0.359291
-0.02705 0.360111
-0.02704 0.360933
-0.02703 0.361756
-0.02702 0.362582
-0.02701 0.363408
-0.02700 0.364236
-0.02699 0.365066
-0.02698 0.365898
-0.02697 0.366730
-0.02696 0.367565
-0.02695 0.368401
-0.02694 0.369239
-0.02693 0.370078
-0.02692 0.370919
-0.02691 0.371762
-0.02690 0.372606
-0.02689 0.373451
-0.02688 0.374299
-0.02687 0.375148
-0.02686 0.375998
-0.02685 0.376850
-0.02684 0.377704
-0.02683 0.378559
-0.02682 0.379416
-0.02681 0.380275
-0.02680 0.381135
-0.02679 0.381997
-0.02678 0.382860
-0.02677 0.383725
-0.02676 0.384592
-0.02675 0.385460
-0.02674 0.386330
-0.02673 0.387202
-0.02672 0.388075
-0.02671 0.388950
-0.02670 0.389827
-0.02669 0.390705
-0.02668 0.391585
-0.02667 0.392466
-0.02666 0.393349
-0.02665 0.394234
-0.02664 0.395121
-0.02663 0.396009
-0.02662 0.396898
-0.02661 0.397790
-0.02660 0.398683
-0.02659 0.399578
-0.02658 0.400474
-0.02657 0.401372
-0.02656 0.402272
-0.02655 0.403173
-0.02654 0.404077
-0.02653 0.404981
-0.02652 0.405888
-0.02651 0.406796
-0.02650 0.407706
-0.02649 0.408617
-0.02648 0.409531
-0.02647 0.410446
-0.02646 0.411362
-0.02645 0.412281
-0.02644 0.413201
-0.02643 0.414122
-0.02642 0.415046
-0.02641 0.415971
-0.02640 0.416898
-0.02639 0.417826
-0.02638 0.418757
-0.02637 0.419689
-0.02636 0.420622
-0.02635 0.421558
-0.02634 0.422495
-0.02633 0.423434
-0.02632 0.424375
-0.02631 0.425317
-0.02630 0.426261
-0.02629 0.427207
-0.02628 0.428154
-0.02627 0.429104
-0.02626 0.430055
-0.02625 0.431008
-0.02624 0.431962
-0.02623 0.432918
-0.02622 0.433876
-0.02621 0.434836
-0.02620 0.435798
-0.02619 0.436761
-0.02618 0.437726
-0.02617 0.438693
-0.02616 0.439662
-0.02615 0.440632
-0.02614 0.441604
-0.02613 0.442578
-0.02612 0.443554
-0.02611 0.444531
-0.02610 0.445510
-0.02609 0.446491
-0.02608 0.447474
-0.02607 0.448459
-0.02606 0.449445
-0.02605 0.450433
-0.02604 0.451423
-0.02603 0.452415
-0.02602 0.453408
-0.02601 0.454404
-0.02600 0.455401
-0.02599 0.456400
-0.02598 0.457400
-0.02597 0.458403
-0.02596 0.459407
-0.02595 0.460413
-0.02594 0.461421
-0.02593 0.462431
-0.02592 0.463443
-0.02591 0.464456
-0.02590 0.465471
-0.02589 0.466489
-0.02588 0.467507
-0.02587 0.468528
-0.02586 0.469551
-0.02585 0.470575
-0.02584 0.471601
-0.02583 0.472629
-0.02582 0.473659
-0.02581 0.474691
-0.02580 0.475725
-0.02579 0.476760
-0.02578 0.477797
-0.02577 0.478837
-0.02576 0.479878
-0.02575 0.480921
-0.02574 0.481965
-0.02573 0.483012
-0.02572 0.484060
-0.02571 0.485111
-0.02570 0.486163
-0.02569 0.487217
-0.02568 0.488273
-0.02567 0.489331
-0.02566 0.490390
-0.02565 0.491452
-0.02564 0.492515
-0.02563 0.493581
-0.02562 0.494648
-0.02561 0.495717
-0.02560 0.496788
-0.02559 0.497861
-0.02558 0.498936
-0.02557 0.500012
-0.02556 0.501091
-0.02555 0.502172
-0.02554 0.503254
-0.02553 0.504338
-0.02552 0.505424
-0.02551 0.506513
-0.02550 0.507603
-0.02549 0.508695
-0.02548 0.509789
-0.02547 0.510884
-0.02546 0.511982
-0.02545 0.513082
-0.02544 0.514183
-0.02543 0.515287
-0.02542 0.516392
-0.02541 0.517500
-0.02540 0.518609
-0.02539 0.519720
-0.02538 0.520833
-0.02537 0.521949
-0.02536 0.523066
-0.02535 0.524185
-0.02534 0.525306
-0.02533 0.526429
-0.02532 0.527553
-0.02531 0.528680
-0.02530 0.529809
-0.02529 0.530940
-0.02528 0.532073
-0.02527 0.533207
-0.02526 0.534344
-0.02525 0.535483
-0.02524 0.536623
-0.02523 0.537766
-0.02522 0.538910
-0.02521 0.540057
-0.02520 0.541206
-0.02519 0.542356
-0.02518 0.543509
-0.02517 0.544663
-0.02516 0.545820
-0.02515 0.546978
-0.02514 0.548139
-0.02513 0.549301
-0.02512 0.550465
-0.02511 0.551632
-0.02510 0.552800
-0.02509 0.553971
-0.02508 0.555143
-0.02507 0.556318
-0.02506 0.557494
-0.02505 0.558673
-0.02504 0.559854
-0.02503 0.561036
-0.02502 0.562221
-0.02501 0.563407
-0.02500 0.564596
-0.02499 0.565787
-0.02498 0.566980
-0.02497 0.568174
-0.02496 0.569371
-0.02495 0.570570
-0.02494 0.571771
-0.02493 0.572974
-0.02492 0.574179
-0.02491 0.575386
-0.02490 0.576595
-0.02489 0.577806
-0.02488 0.579019
-0.02487 0.580234
-0.02486 0.581452
-0.02485 0.582671
-0.02484 0.583893
-0.02483 0.585116
-0.02482 0.586342
-0.02481 0.587569
-0.02480 0.588799
-0.02479 0.590031
-0.02478 0.591265
-0.02477 0.592501
-0.02476 0.593739
-0.02475 0.594979
-0.02474 0.596221
-0.02473 0.597465
-0.02472 0.598712
-0.02471 0.599960
-0.02470 0.601211
-0.02469 0.602463
-0.02468 0.603718
-0.02467 0.604975
-0.02466 0.606234
-0.02465 0.607495
-0.02464 0.608758
-0.02463 0.610023
-0.02462 0.611291
-0.02461 0.612560
-0.02460 0.613832
-0.02459 0.615106
-0.02458 0.616382
-0.02457 0.617660
-0.02456 0.618940
-0.02455 0.620222
-0.02454 0.621507
-0.02453 0.622793
-0.02452 0.624082
-0.02451 0.625373
-0.02450 0.626666
-0.02449 0.627961
-0.02448 0.629258
-0.02447 0.630558
-0.02446 0.631859
-0.02445 0.633163
-0.02444 0.634469
-0.02443 0.635777
-0.02442 0.637087
-0.02441 0.638399
-0.02440 0.639714
-0.02439 0.641030
-0.02438 0.642349
-0.02437 0.643670
-0.02436 0.644993
-0.02435 0.646319
-0.02434 0.647646
-0.02433 0.648976
-0.02432 0.650308
-0.02431 0.651642
-0.02430 0.652978
-0.02429 0.654317
-0.02428 0.655657
-0.02427 0.657000
-0.02426 0.658345
-0.02425 0.659693
-0.02424 0.661042
-0.02423 0.662394
-0.02422 0.663747
-0.02421 0.665103
-0.02420 0.666462
-0.02419 0.667822
-0.02418 0.669185
-0.02417 0.670550
-0.02416 0.671917
-0.02415 0.673286
-0.02414 0.674658
-0.02413 0.676032
-0.02412 0.677407
-0.02411 0.678786
-0.02410 0.680166
-0.02409 0.681549
-0.02408 0.682934
-0.02407 0.684321
-0.02406 0.685710
-0.02405 0.687102
-0.02404 0.688496
-0.02403 0.689892
-0.02402 0.691290
-0.02401 0.692691
-0.02400 0.694094
-0.02399 0.695499
-0.02398 0.696906
-0.02397 0.698316
-0.02396 0.699728
-0.02395 0.701142
-0.02394 0.702559
-0.02393 0.703977
-0.02392 0.705398
-0.02391 0.706822
-0.02390 0.708247
-0.02389 0.709675
-0.02388 0.711105
-0.02387 0.712537
-0.02386 0.713972
-0.02385 0.715409
-0.02384 0.716848
-0.02383 0.718290
-0.02382 0.719734
-0.02381 0.721180
-0.02380 0.722628
-0.02379 0.724079
-0.02378 0.725532
-0.02377 0.726987
-0.02376 0.728445
-0.02375 0.729904
-0.02374 0.731367
-0.02373 0.732831
-0.02372 0.734298
-0.02371 0.735767
-0.02370 0.737239
-0.02369 0.738712
-0.02368 0.740189
-0.02367 0.741667
-0.02366 0.743148
-0.02365 0.744631
-0.02364 0.746116
-0.02363 0.747604
-0.02362 0.749094
-0.02361 0.750587
-0.02360 0.752081
-0.02359 0.753578
-0.02358 0.755078
-0.02357 0.756580
-0.02356 0.758084
-0.02355 0.759590
-0.02354 0.761099
-0.02353 0.762610
-0.02352 0.764124
-0.02351 0.765640
-0.02350 0.767158
-0.02349 0.768679
-0.02348 0.770202
-0.02347 0.771727
-0.02346 0.773255
-0.02345 0.774785
-0.02344 0.776318
-0.02343 0.777852
-0.02342 0.779390
-0.02341 0.780929
-0.02340 0.782471
-0.02339 0.784016
-0.02338 0.785562
-0.02337 0.787112
-0.02336 0.788663
-0.02335 0.790217
-0.02334 0.791773
-0.02333 0.793332
-0.02332 0.794893
-0.02331 0.796457
-0.02330 0.798023
-0.02329 0.799591
-0.02328 0.801162
-0.02327 0.802735
-0.02326 0.804311
-0.02325 0.805888
-0.02324 0.807469
-0.02323 0.809052
-0.02322 0.810637
-0.02321 0.812225
-0.02320 0.813815
-0.02319 0.815407
-0.02318 0.817002
-0.02317 0.818599
-0.02316 0.820199
-0.02315 0.821801
-0.02314 0.823406
-0.02313 0.825013
-0.02312 0.826623
-0.02311 0.828235
-0.02310 0.829849
-0.02309 0.831466
-0.02308 0.833085
-0.02307 0.834707
-0.02306 0.836331
-0.02305 0.837958
-0.02304 0.839587
-0.02303 0.841219
-0.02302 0.842853
-0.02301 0.844489
-0.02300 0.846128
-0.02299 0.847770
-0.02298 0.849413
-0.02297 0.851060
-0.02296 0.852709
-0.02295 0.854360
-0.02294 0.856014
-0.02293 0.857670
-0.02292 0.859329
-0.02291 0.860990
-0.02290 0.862654
-0.02289 0.864320
-0.02288 0.865989
-0.02287 0.867660
-0.02286 0.869333
-0.02285 0.871010
-0.02284 0.872688
-0.02283 0.874369
-0.02282 0.876053
-0.02281 0.877739
-0.02280 0.879428
-0.02279 0.881119
-0.02278 0.882813
-0.02277 0.884509
-0.02276 0.886208
-0.02275 0.887909
-0.02274 0.889613
-0.02273 0.891319
-0.02272 0.893028
-0.02271 0.894739
-0.02270 0.896453
-0.02269 0.898169
-0.02268 0.899888
-0.02267 0.901609
-0.02266 0.903333
-0.02265 0.905060
-0.02264 0.906789
-0.02263 0.908520
-0.02262 0.910254
-0.02261 0.911991
-0.02260 0.913730
-0.02259 0.915472
-0.02258 0.917216
-0.02257 0.918963
-0.02256 0.920712
-0.02255 0.922464
-0.02254 0.924219
-0.02253 0.925976
-0.02252 0.927735
-0.02251 0.929497
-0.02250 0.931262
-0.02249 0.933029
-0.02248 0.934799
-0.02247 0.936572
-0.02246 0.938346
-0.02245 0.940124
-0.02244 0.941904
-0.02243 0.943687
-0.02242 0.945472
-0.02241 0.947260
-0.02240 0.949050
-0.02239 0.950843
-0.02238 0.952639
-0.02237 0.954437
-0.02236 0.956238
-0.02235 0.958041
-0.02234 0.959847
-0.02233 0.961656
-0.02232 0.963467
-0.02231 0.965280
-0.02230 0.967097
-0.02229 0.968916
-0.02228 0.970737
-0.02227 0.972561
-0.02226 0.974388
-0.02225 0.976217
-0.02224 0.978049
-0.02223 0.979884
-0.02222 0.981721
-0.02221 0.983561
-0.02220 0.985403
-0.02219 0.987248
-0.02218 0.989096
-0.02217 0.990946
-0.02216 0.992799
-0.02215 0.994655
-0.02214 0.996513
-0.02213 0.998374
-0.02212 1.000237
-0.02211 1.002103
-0.02210 1.003972
-0.02209 1.005843
-0.02208 1.007717
-0.02207 1.009594
-0.02206 1.011473
-0.02205 1.013355
-0.02204 1.015239
-0.02203 1.017127
-0.02202 1.019016
-0.02201 1.020909
-0.02200 1.022804
-0.02199 1.024702
-0.02198 1.026602
-0.02197 1.028505
-0.02196 1.030411
-0.02195 1.032319
-0.02194 1.034230
-0.02193 1.036144
-0.02192 1.038061
-0.02191 1.039980
-0.02190 1.041901
-0.02189 1.043826
-0.02188 1.045753
-0.02187 1.047683
-0.02186 1.049615
-0.02185 1.051550
-0.02184 1.053488
-0.02183 1.055429
-0.02182 1.057372
-0.02181 1.059318
-0.02180 1.061266
-0.02179 1.063217
-0.02178 1.065171
-0.02177 1.067128
-0.02176 1.069087
-0.02175 1.071049
-0.02174 1.073014
-0.02173 1.074981
-0.02172 1.076951
-0.02171 1.078924
-0.02170 1.080900
-0.02169 1.082878
-0.02168 1.084859
-0.02167 1.086842
-0.02166 1.088829
-0.02165 1.090818
-0.02164 1.092809
-0.02163 1.094804
-0.02162 1.096801
-0.02161 1.098801
-0.02160 1.100803
-0.02159 1.102809
-0.02158 1.104817
-0.02157 1.106828
-0.02156 1.108841
-0.02155 1.110857
-0.02154 1.112876
-0.02153 1.114898
-0.02152 1.116922
-0.02151 1.118949
-0.02150 1.120979
-0.02149 1.123012
-0.02148 1.125047
-0.02147 1.127085
-0.02146 1.129126
-0.02145 1.131170
-0.02144 1.133216
-0.02143 1.135265
-0.02142 1.137317
-0.02141 1.139371
-0.02140 1.141429
-0.02139 1.143489
-0.02138 1.145552
-0.02137 1.147617
-0.02136 1.149685
-0.02135 1.151757
-0.02134 1.153830
-0.02133 1.155907
-0.02132 1.157986
-0.02131 1.160068
-0.02130 1.162153
-0.02129 1.164241
-0.02128 1.166331
-0.02127 1.168425
-0.02126 1.170520
-0.02125 1.172619
-0.02124 1.174721
-0.02123 1.176825
-0.02122 1.178932
-0.02121 1.181042
-0.02120 1.183154
-0.02119 1.185270
-0.02118 1.187388
-0.02117 1.189509
-0.02116 1.191633
-0.02115 1.193759
-0.02114 1.195888
-0.02113 1.198020
-0.02112 1.200155
-0.02111 1.202293
-0.02110 1.204433
-0.02109 1.206577
-0.02108 1.208723
-0.02107 1.210872
-0.02106 1.213023
-0.02105 1.215178
-0.02104 1.217335
-0.02103 1.219495
-0.02102 1.221658
-0.02101 1.223823
-0.02100 1.225992
-0.02099 1.228163
-0.02098 1.230337
-0.02097 1.232514
-0.02096 1.234694
-0.02095 1.236876
-0.02094 1.239062
-0.02093 1.241250
-0.02092 1.243441
-0.02091 1.245634
-0.02090 1.247831
-0.02089 1.250030
-0.02088 1.252233
-0.02087 1.254438
-0.02086 1.256646
-0.02085 1.258856
-0.02084 1.261070
-0.02083 1.263286
-0.02082 1.265505
-0.02081 1.267727
-0.02080 1.269952
-0.02079 1.272180
-0.02078 1.274410
-0.02077 1.276644
-0.02076 1.278880
-0.02075 1.281119
-0.02074 1.283361
-0.02073 1.285605
-0.02072 1.287853
-0.02071 1.290103
-0.02070 1.292356
-0.02069 1.294612
-0.02068 1.296871
-0.02067 1.299133
-0.02066 1.301398
-0.02065 1.303665
-0.02064 1.305935
-0.02063 1.308209
-0.02062 1.310485
-0.02061 1.312763
-0.02060 1.315045
-0.02059 1.317330
-0.02058 1.319617
-0.02057 1.321907
-0.02056 1.324201
-0.02055 1.326496
-0.02054 1.328795
-0.02053 1.331097
-0.02052 1.333402
-0.02051 1.335709
-0.02050 1.338019
-0.02049 1.340333
-0.02048 1.342649
-0.02047 1.344968
-0.02046 1.347289
-0.02045 1.349614
-0.02044 1.351941
-0.02043 1.354272
-0.02042 1.356605
-0.02041 1.358941
-0.02040 1.361280
-0.02039 1.363622
-0.02038 1.365967
-0.02037 1.368315
-0.02036 1.370665
-0.02035 1.373019
-0.02034 1.375375
-0.02033 1.377734
-0.02032 1.380096
-0.02031 1.382461
-0.02030 1.384829
-0.02029 1.387200
-0.02028 1.389573
-0.02027 1.391950
-0.02026 1.394329
-0.02025 1.396711
-0.02024 1.399096
-0.02023 1.401484
-0.02022 1.403875
-0.02021 1.406269
-0.02020 1.408666
-0.02019 1.411066
-0.02018 1.413468
-0.02017 1.415874
-0.02016 1.418282
-0.02015 1.420693
-0.02014 1.423107
-0.02013 1.425524
-0.02012 1.427944
-0.02011 1.430367
-0.02010 1.432793
-0.02009 1.435221
-0.02008 1.437653
-0.02007 1.440087
-0.02006 1.442525
-0.02005 1.444965
-0.02004 1.447408
-0.02003 1.449854
-0.02002 1.452303
-0.02001 1.454755
-0.02000 1.457210
-0.01999 1.459667
-0.01998 1.462128
-0.01997 1.464592
-0.01996 1.467058
-0.01995 1.469527
-0.01994 1.472000
-0.01993 1.474475
-0.01992 1.476953
-0.01991 1.479434
-0.01990 1.481918
-0.01989 1.484405
-0.01988 1.486895
-0.01987 1.489387
-0.01986 1.491883
-0.01985 1.494382
-0.01984 1.496883
-0.01983 1.499388
-0.01982 1.501895
-0.01981 1.504405
-0.01980 1.506918
-0.01979 1.509434
-0.01978 1.511953
-0.01977 1.514475
-0.01976 1.517000
-0.01975 1.519528
-0.01974 1.522059
-0.01973 1.524593
-0.01972 1.527129
-0.01971 1.529669
-0.01970 1.532211
-0.01969 1.534757
-0.01968 1.537305
-0.01967 1.539856
-0.01966 1.542410
-0.01965 1.544967
-0.01964 1.547528
-0.01963 1.550091
-0.01962 1.552657
-0.01961 1.555225
-0.01960 1.557797
-0.01959 1.560372
-0.01958 1.562950
-0.01957 1.565530
-0.01956 1.568114
-0.01955 1.570700
-0.01954 1.573290
-0.01953 1.575882
-0.01952 1.578478
-0.01951 1.581076
-0.01950 1.583677
-0.01949 1.586281
-0.01948 1.588888
-0.01947 1.591498
-0.01946 1.594111
-0.01945 1.596727
-0.01944 1.599346
-0.01943 1.601968
-0.01942 1.604593
-0.01941 1.607220
-0.01940 1.609851
-0.01939 1.612485
-0.01938 1.615121
-0.01937 1.617761
-0.01936 1.620403
-0.01935 1.623049
-0.01934 1.625697
-0.01933 1.628348
-0.01932 1.631003
-0.01931 1.633660
-0.01930 1.636320
-0.01929 1.638983
-0.01928 1.641649
-0.01927 1.644318
-0.01926 1.646990
-0.01925 1.649665
-0.01924 1.652343
-0.01923 1.655024
-0.01922 1.657707
-0.01921 1.660394
-0.01920 1.663084
-0.01919 1.665776
-0.01918 1.668472
-0.01917 1.671170
-0.01916 1.673872
-0.01915 1.676576
-0.01914 1.679284
-0.01913 1.681994
-0.01912 1.684707
-0.01911 1.687424
-0.01910 1.690143
-0.01909 1.692865
-0.01908 1.695590
-0.01907 1.698318
-0.01906 1.701049
-0.01905 1.703783
-0.01904 1.706520
-0.01903 1.709260
-0.01902 1.712003
-0.01901 1.714749
-0.01900 1.717497
-0.01899 1.720249
-0.01898 1.723004
-0.01897 1.725761
-0.01896 1.728522
-0.01895 1.731285
-0.01894 1.734052
-0.01893 1.736821
-0.01892 1.739594
-0.01891 1.742369
-0.01890 1.745147
-0.01889 1.747929
-0.01888 1.750713
-0.01887 1.753500
-0.01886 1.756290
-0.01885 1.759083
-0.01884 1.761880
-0.01883 1.764679
-0.01882 1.767481
-0.01881 1.770285
-0.01880 1.773093
-0.01879 1.775904
-0.01878 1.778718
-0.01877 1.781535
-0.01876 1.784355
-0.01875 1.787177
-0.01874 1.790003
-0.01873 1.792831
-0.01872 1.795663
-0.01871 1.798498
-0.01870 1.801335
-0.01869 1.804175
-0.01868 1.807019
-0.01867 1.809865
-0.01866 1.812714
-0.01865 1.815567
-0.01864 1.818422
-0.01863 1.821280
-0.01862 1.824141
-0.01861 1.827005
-0.01860 1.829872
-0.01859 1.832742
-0.01858 1.835615
-0.01857 1.838491
-0.01856 1.841370
-0.01855 1.844252
-0.01854 1.847136
-0.01853 1.850024
-0.01852 1.852915
-0.01851 1.855808
-0.01850 1.858705
-0.01849 1.861604
-0.01848 1.864507
-0.01847 1.867412
-0.01846 1.870320
-0.01845 1.873232
-0.01844 1.876146
-0.01843 1.879063
-0.01842 1.881983
-0.01841 1.884907
-0.01840 1.887833
-0.01839 1.890762
-0.01838 1.893694
-0.01837 1.896628
-0.01836 1.899566
-0.01835 1.902507
-0.01834 1.905451
-0.01833 1.908398
-0.01832 1.911347
-0.01831 1.914300
-0.01830 1.917255
-0.01829 1.920214
-0.01828 1.923175
-0.01827 1.926139
-0.01826 1.929107
-0.01825 1.932077
-0.01824 1.935050
-0.01823 1.938026
-0.01822 1.941005
-0.01821 1.943987
-0.01820 1.946972
-0.01819 1.949960
-0.01818 1.952951
-0.01817 1.955945
-0.01816 1.958942
-0.01815 1.961941
-0.01814 1.964944
-0.01813 1.967949
-0.01812 1.970958
-0.01811 1.973969
-0.01810 1.976984
-0.01809 1.980001
-0.01808 1.983021
-0.01807 1.986044
-0.01806 1.989070
-0.01805 1.992099
-0.01804 1.995131
-0.01803 1.998166
-0.01802 2.001204
-0.01801 2.004244
-0.01800 2.007288
-0.01799 2.010335
-0.01798 2.013384
-0.01797 2.016437
-0.01796 2.019492
-0.01795 2.022550
-0.01794 2.025611
-0.01793 2.028675
-0.01792 2.031743
-0.01791 2.034812
-0.01790 2.037885
-0.01789 2.040961
-0.01788 2.044040
-0.01787 2.047122
-0.01786 2.050206
-0.01785 2.053294
-0.01784 2.056384
-0.01783 2.059477
-0.01782 2.062573
-0.01781 2.065673
-0.01780 2.068775
-0.01779 2.071880
-0.01778 2.074988
-0.01777 2.078098
-0.01776 2.081212
-0.01775 2.084329
-0.01774 2.087448
-0.01773 2.090571
-0.01772 2.093696
-0.01771 2.096824
-0.01770 2.099955
-0.01769 2.103089
-0.01768 2.106226
-0.01767 2.109366
-0.01766 2.112509
-0.01765 2.115654
-0.01764 2.118803
-0.01763 2.121954
-0.01762 2.125109
-0.01761 2.128266
-0.01760 2.131426
-0.01759 2.134589
-0.01758 2.137755
-0.01757 2.140924
-0.01756 2.144096
-0.01755 2.147270
-0.01754 2.150448
-0.01753 2.153628
-0.01752 2.156811
-0.01751 2.159997
-0.01750 2.163186
-0.01749 2.166378
-0.01748 2.169573
-0.01747 2.172771
-0.01746 2.175971
-0.01745 2.179175
-0.01744 2.182381
-0.01743 2.185590
-0.01742 2.188802
-0.01741 2.192017
-0.01740 2.195235
-0.01739 2.198455
-0.01738 2.201679
-0.01737 2.204905
-0.01736 2.208134
-0.01735 2.211367
-0.01734 2.214602
-0.01733 2.217839
-0.01732 2.221080
-0.01731 2.224324
-0.01730 2.227570
-0.01729 2.230819
-0.01728 2.234072
-0.01727 2.237327
-0.01726 2.240584
-0.01725 2.243845
-0.01724 2.247109
-0.01723 2.250375
-0.01722 2.253644
-0.01721 2.256916
-0.01720 2.260191
-0.01719 2.263469
-0.01718 2.266750
-0.01717 2.270033
-0.01716 2.273320
-0.01715 2.276609
-0.01714 2.279901
-0.01713 2.283196
-0.01712 2.286493
-0.01711 2.289794
-0.01710 2.293097
-0.01709 2.296403
-0.01708 2.299712
-0.01707 2.303024
-0.01706 2.306339
-0.01705 2.309656
-0.01704 2.312977
-0.01703 2.316300
-0.01702 2.319626
-0.01701 2.322954
-0.01700 2.326286
-0.01699 2.329620
-0.01698 2.332957
-0.01697 2.336297
-0.01696 2.339640
-0.01695 2.342986
-0.01694 2.346334
-0.01693 2.349686
-0.01692 2.353040
-0.01691 2.356396
-0.01690 2.359756
-0.01689 2.363119
-0.01688 2.366484
-0.01687 2.369852
-0.01686 2.373223
-0.01685 2.376596
-0.01684 2.379973
-0.01683 2.383352
-0.01682 2.386734
-0.01681 2.390119
-0.01680 2.393506
-0.01679 2.396896
-0.01678 2.400290
-0.01677 2.403685
-0.01676 2.407084
-0.01675 2.410486
-0.01674 2.413890
-0.01673 2.417297
-0.01672 2.420706
-0.01671 2.424119
-0.01670 2.427534
-0.01669 2.430952
-0.01668 2.434373
-0.01667 2.437797
-0.01666 2.441223
-0.01665 2.444652
-0.01664 2.448084
-0.01663 2.451518
-0.01662 2.454956
-0.01661 2.458396
-0.01660 2.461839
-0.01659 2.465284
-0.01658 2.468733
-0.01657 2.472184
-0.01656 2.475637
-0.01655 2.479094
-0.01654 2.482553
-0.01653 2.486015
-0.01652 2.489480
-0.01651 2.492947
-0.01650 2.496417
-0.01649 2.499890
-0.01648 2.503366
-0.01647 2.506844
-0.01646 2.510325
-0.01645 2.513809
-0.01644 2.517296
-0.01643 2.520785
-0.01642 2.524277
-0.01641 2.527771
-0.01640 2.531269
-0.01639 2.534769
-0.01638 2.538271
-0.01637 2.541777
-0.01636 2.545285
-0.01635 2.548796
-0.01634 2.552309
-0.01633 2.555825
-0.01632 2.559344
-0.01631 2.562866
-0.01630 2.566390
-0.01629 2.569917
-0.01628 2.573446
-0.01627 2.576979
-0.01626 2.580514
-0.01625 2.584051
-0.01624 2.587592
-0.01623 2.591135
-0.01622 2.594680
-0.01621 2.598228
-0.01620 2.601779
-0.01619 2.605333
-0.01618 2.608889
-0.01617 2.612448
-0.01616 2.616010
-0.01615 2.619574
-0.01614 2.623141
-0.01613 2.626710
-0.01612 2.630282
-0.01611 2.633857
-0.01610 2.637434
-0.01609 2.641015
-0.01608 2.644597
-0.01607 2.648182
-0.01606 2.651770
-0.01605 2.655361
-0.01604 2.658954
-0.01603 2.662550
-0.01602 2.666148
-0.01601 2.669749
-0.01600 2.673353
-0.01599 2.676959
-0.01598 2.680568
-0.01597 2.684179
-0.01596 2.687793
-0.01595 2.691410
-0.01594 2.695029
-0.01593 2.698651
-0.01592 2.702276
-0.01591 2.705903
-0.01590 2.709532
-0.01589 2.713164
-0.01588 2.716799
-0.01587 2.720436
-0.01586 2.724076
-0.01585 2.727719
-0.01584 2.731364
-0.01583 2.735011
-0.01582 2.738662
-0.01581 2.742314
-0.01580 2.745970
-0.01579 2.749627
-0.01578 2.753288
-0.01577 2.756951
-0.01576 2.760616
-0.01575 2.764284
-0.01574 2.767955
-0.01573 2.771628
-0.01572 2.775304
-0.01571 2.778982
-0.01570 2.782662
-0.01569 2.786346
-0.01568 2.790031
-0.01567 2.793720
-0.01566 2.797411
-0.01565 2.801104
-0.01564 2.804800
-0.01563 2.808498
-0.01562 2.812199
-0.01561 2.815902
-0.01560 2.819608
-0.01559 2.823316
-0.01558 2.827027
-0.01557 2.830741
-0.01556 2.834456
-0.01555 2.838175
-0.01554 2.841895
-0.01553 2.845619
-0.01552 2.849344
-0.01551 2.853073
-0.01550 2.856803
-0.01549 2.860537
-0.01548 2.864272
-0.01547 2.868010
-0.01546 2.871751
-0.01545 2.875494
-0.01544 2.879239
-0.01543 2.882987
-0.01542 2.886737
-0.01541 2.890490
-0.01540 2.894245
-0.01539 2.898003
-0.01538 2.901763
-0.01537 2.905526
-0.01536 2.909291
-0.01535 2.913058
-0.01534 2.916828
-0.01533 2.920600
-0.01532 2.924375
-0.01531 2.928152
-0.01530 2.931931
-0.01529 2.935713
-0.01528 2.939497
-0.01527 2.943284
-0.01526 2.947073
-0.01525 2.950864
-0.01524 2.954658
-0.01523 2.958454
-0.01522 2.962253
-0.01521 2.966054
-0.01520 2.969857
-0.01519 2.973663
-0.01518 2.977471
-0.01517 2.981281
-0.01516 2.985094
-0.01515 2.988909
-0.01514 2.992727
-0.01513 2.996547
-0.01512 3.000369
-0.01511 3.004193
-0.01510 3.008020
-0.01509 3.011850
-0.01508 3.015681
-0.01507 3.019515
-0.01506 3.023351
-0.01505 3.027190
-0.01504 3.031031
-0.01503 3.034874
-0.01502 3.038719
-0.01501 3.042567
-0.01500 3.046417
-0.01499 3.050270
-0.01498 3.054124
-0.01497 3.057981
-0.01496 3.061841
-0.01495 3.065702
-0.01494 3.069566
-0.01493 3.073432
-0.01492 3.077300
-0.01491 3.081171
-0.01490 3.085044
-0.01489 3.088919
-0.01488 3.092797
-0.01487 3.096676
-0.01486 3.100558
-0.01485 3.104443
-0.01484 3.108329
-0.01483 3.112218
-0.01482 3.116109
-0.01481 3.120002
-0.01480 3.123898
-0.01479 3.127795
-0.01478 3.131695
-0.01477 3.135597
-0.01476 3.139501
-0.01475 3.143408
-0.01474 3.147317
-0.01473 3.151228
-0.01472 3.155141
-0.01471 3.159056
-0.01470 3.162974
-0.01469 3.166893
-0.01468 3.170815
-0.01467 3.174739
-0.01466 3.178666
-0.01465 3.182594
-0.01464 3.186525
-0.01463 3.190457
-0.01462 3.194392
-0.01461 3.198329
-0.01460 3.202269
-0.01459 3.206210
-0.01458 3.210154
-0.01457 3.214099
-0.01456 3.218047
-0.01455 3.221997
-0.01454 3.225949
-0.01453 3.229903
-0.01452 3.233860
-0.01451 3.237818
-0.01450 3.241779
-0.01449 3.245741
-0.01448 3.249706
-0.01447 3.253673
-0.01446 3.257642
-0.01445 3.261613
-0.01444 3.265586
-0.01443 3.269562
-0.01442 3.273539
-0.01441 3.277518
-0.01440 3.281500
-0.01439 3.285483
-0.01438 3.289469
-0.01437 3.293457
-0.01436 3.297446
-0.01435 3.301438
-0.01434 3.305432
-0.01433 3.309428
-0.01432 3.313426
-0.01431 3.317425
-0.01430 3.321427
-0.01429 3.325431
-0.01428 3.329437
-0.01427 3.333445
-0.01426 3.337455
-0.01425 3.341468
-0.01424 3.345482
-0.01423 3.349498
-0.01422 3.353516
-0.01421 3.357536
-0.01420 3.361558
-0.01419 3.365582
-0.01418 3.369608
-0.01417 3.373636
-0.01416 3.377665
-0.01415 3.381697
-0.01414 3.385731
-0.01413 3.389767
-0.01412 3.393805
-0.01411 3.397844
-0.01410 3.401886
-0.01409 3.405930
-0.01408 3.409975
-0.01407 3.414023
-0.01406 3.418072
-0.01405 3.422123
-0.01404 3.426176
-0.01403 3.430231
-0.01402 3.434288
-0.01401 3.438347
-0.01400 3.442408
-0.01399 3.446471
-0.01398 3.450535
-0.01397 3.454602
-0.01396 3.458670
-0.01395 3.462740
-0.01394 3.466812
-0.01393 3.470886
-0.01392 3.474962
-0.01391 3.479040
-0.01390 3.483119
-0.01389 3.487201
-0.01388 3.491284
-0.01387 3.495369
-0.01386 3.499456
-0.01385 3.503544
-0.01384 3.507635
-0.01383 3.511727
-0.01382 3.515821
-0.01381 3.519917
-0.01380 3.524015
-0.01379 3.528114
-0.01378 3.532216
-0.01377 3.536319
-0.01376 3.540424
-0.01375 3.544530
-0.01374 3.548639
-0.01373 3.552749
-0.01372 3.556861
-0.01371 3.560975
-0.01370 3.565090
-0.01369 3.569208
-0.01368 3.573327
-0.01367 3.577447
-0.01366 3.581570
-0.01365 3.585694
-0.01364 3.589820
-0.01363 3.593947
-0.01362 3.598077
-0.01361 3.602208
-0.01360 3.606340
-0.01359 3.610475
-0.01358 3.614611
-0.01357 3.618749
-0.01356 3.622888
-0.01355 3.627030
-0.01354 3.631172
-0.01353 3.635317
-0.01352 3.639463
-0.01351 3.643611
-0.01350 3.647761
-0.01349 3.651912
-0.01348 3.656064
-0.01347 3.660219
-0.01346 3.664375
-0.01345 3.668533
-0.01344 3.672692
-0.01343 3.676853
-0.01342 3.681015
-0.01341 3.685180
-0.01340 3.689345
-0.01339 3.693513
-0.01338 3.697682
-0.01337 3.701852
-0.01336 3.706024
-0.01335 3.710198
-0.01334 3.714373
-0.01333 3.718550
-0.01332 3.722728
-0.01331 3.726908
-0.01330 3.731090
-0.01329 3.735273
-0.01328 3.739457
-0.01327 3.743643
-0.01326 3.747831
-0.01325 3.752020
-0.01324 3.756211
-0.01323 3.760403
-0.01322 3.764597
-0.01321 3.768792
-0.01320 3.772989
-0.01319 3.777187
-0.01318 3.781386
-0.01317 3.785588
-0.01316 3.789790
-0.01315 3.793994
-0.01314 3.798200
-0.01313 3.802407
-0.01312 3.806615
-0.01311 3.810825
-0.01310 3.815036
-0.01309 3.819249
-0.01308 3.823463
-0.01307 3.827679
-0.01306 3.831896
-0.01305 3.836114
-0.01304 3.840334
-0.01303 3.844555
-0.01302 3.848778
-0.01301 3.853002
-0.01300 3.857228
-0.01299 3.861454
-0.01298 3.865683
-0.01297 3.869912
-0.01296 3.874143
-0.01295 3.878375
-0.01294 3.882609
-0.01293 3.886844
-0.01292 3.891080
-0.01291 3.895318
-0.01290 3.899557
-0.01289 3.903797
-0.01288 3.908039
-0.01287 3.912282
-0.01286 3.916526
-0.01285 3.920771
-0.01284 3.925018
-0.01283 3.929266
-0.01282 3.933516
-0.01281 3.937766
-0.01280 3.942018
-0.01279 3.946272
-0.01278 3.950526
-0.01277 3.954782
-0.01276 3.959039
-0.01275 3.963297
-0.01274 3.967556
-0.01273 3.971817
-0.01272 3.976079
-0.01271 3.980342
-0.01270 3.984606
-0.01269 3.988872
-0.01268 3.993139
-0.01267 3.997407
-0.01266 4.001676
-0.01265 4.005946
-0.01264 4.010218
-0.01263 4.014490
-0.01262 4.018764
-0.01261 4.023039
-0.01260 4.027315
-0.01259 4.031592
-0.01258 4.035871
-0.01257 4.040150
-0.01256 4.044431
-0.01255 4.048713
-0.01254 4.052996
-0.01253 4.057280
-0.01252 4.061565
-0.01251 4.065851
-0.01250 4.070139
-0.01249 4.074427
-0.01248 4.078717
-0.01247 4.083007
-0.01246 4.087299
-0.01245 4.091592
-0.01244 4.095885
-0.01243 4.100180
-0.01242 4.104476
-0.01241 4.108773
-0.01240 4.113071
-0.01239 4.117370
-0.01238 4.121670
-0.01237 4.125971
-0.01236 4.130273
-0.01235 4.134576
-0.01234 4.138880
-0.01233 4.143185
-0.01232 4.147491
-0.01231 4.151798
-0.01230 4.156106
-0.01229 4.160415
-0.01228 4.164724
-0.01227 4.169035
-0.01226 4.173347
-0.01225 4.177660
-0.01224 4.181973
-0.01223 4.186288
-0.01222 4.190603
-0.01221 4.194920
-0.01220 4.199237
-0.01219 4.203555
-0.01218 4.207874
-0.01217 4.212194
-0.01216 4.216515
-0.01215 4.220837
-0.01214 4.225159
-0.01213 4.229483
-0.01212 4.233807
-0.01211 4.238132
-0.01210 4.242458
-0.01209 4.246785
-0.01208 4.251112
-0.01207 4.255441
-0.01206 4.259770
-0.01205 4.264100
-0.01204 4.268431
-0.01203 4.272763
-0.01202 4.277096
-0.01201 4.281429
-0.01200 4.285763
-0.01199 4.290098
-0.01198 4.294433
-0.01197 4.298770
-0.01196 4.303107
-0.01195 4.307445
-0.01194 4.311783
-0.01193 4.316123
-0.01192 4.320463
-0.01191 4.324803
-0.01190 4.329145
-0.01189 4.333487
-0.01188 4.337830
-0.01187 4.342174
-0.01186 4.346518
-0.01185 4.350863
-0.01184 4.355208
-0.01183 4.359555
-0.01182 4.363902
-0.01181 4.368249
-0.01180 4.372598
-0.01179 4.376946
-0.01178 4.381296
-0.01177 4.385646
-0.01176 4.389997
-0.01175 4.394348
-0.01174 4.398700
-0.01173 4.403053
-0.01172 4.407406
-0.01171 4.411760
-0.01170 4.416114
-0.01169 4.420469
-0.01168 4.424825
-0.01167 4.429181
-0.01166 4.433537
-0.01165 4.437894
-0.01164 4.442252
-0.01163 4.446610
-0.01162 4.450969
-0.01161 4.455328
-0.01160 4.459688
-0.01159 4.464048
-0.01158 4.468409
-0.01157 4.472770
-0.01156 4.477132
-0.01155 4.481494
-0.01154 4.485857
-0.01153 4.490220
-0.01152 4.494584
-0.01151 4.498948
-0.01150 4.503312
-0.01149 4.507677
-0.01148 4.512043
-0.01147 4.516408
-0.01146 4.520775
-0.01145 4.525141
-0.01144 4.529508
-0.01143 4.533876
-0.01142 4.538243
-0.01141 4.542611
-0.01140 4.546980
-0.01139 4.551349
-0.01138 4.555718
-0.01137 4.560088
-0.01136 4.564458
-0.01135 4.568828
-0.01134 4.573199
-0.01133 4.577570
-0.01132 4.581941
-0.01131 4.586312
-0.01130 4.590684
-0.01129 4.595056
-0.01128 4.599429
-0.01127 4.603802
-0.01126 4.608175
-0.01125 4.612548
-0.01124 4.616921
-0.01123 4.621295
-0.01122 4.625669
-0.01121 4.630044
-0.01120 4.634418
-0.01119 4.638793
-0.01118 4.643168
-0.01117 4.647543
-0.01116 4.651918
-0.01115 4.656294
-0.01114 4.660670
-0.01113 4.665045
-0.01112 4.669422
-0.01111 4.673798
-0.01110 4.678174
-0.01109 4.682551
-0.01108 4.686928
-0.01107 4.691304
-0.01106 4.695681
-0.01105 4.700058
-0.01104 4.704436
-0.01103 4.708813
-0.01102 4.713190
-0.01101 4.717568
-0.01100 4.721946
-0.01099 4.726323
-0.01098 4.730701
-0.01097 4.735079
-0.01096 4.739457
-0.01095 4.743835
-0.01094 4.748213
-0.01093 4.752591
-0.01092 4.756969
-0.01091 4.761347
-0.01090 4.765725
-0.01089 4.770103
-0.01088 4.774481
-0.01087 4.778859
-0.01086 4.783237
-0.01085 4.787615
-0.01084 4.791993
-0.01083 4.796371
-0.01082 4.800749
-0.01081 4.805127
-0.01080 4.809505
-0.01079 4.813882
-0.01078 4.818260
-0.01077 4.822638
-0.01076 4.827015
-0.01075 4.831392
-0.01074 4.835770
-0.01073 4.840147
-0.01072 4.844524
-0.01071 4.848901
-0.01070 4.853278
-0.01069 4.857654
-0.01068 4.862031
-0.01067 4.866407
-0.01066 4.870783
-0.01065 4.875159
-0.01064 4.879535
-0.01063 4.883911
-0.01062 4.888286
-0.01061 4.892661
-0.01060 4.897036
-0.01059 4.901411
-0.01058 4.905786
-0.01057 4.910160
-0.01056 4.914534
-0.01055 4.918908
-0.01054 4.923281
-0.01053 4.927655
-0.01052 4.932028
-0.01051 4.936400
-0.01050 4.940773
-0.01049 4.945145
-0.01048 4.949517
-0.01047 4.953889
-0.01046 4.958260
-0.01045 4.962631
-0.01044 4.967001
-0.01043 4.971372
-0.01042 4.975741
-0.01041 4.980111
-0.01040 4.984480
-0.01039 4.988849
-0.01038 4.993217
-0.01037 4.997586
-0.01036 5.001953
-0.01035 5.006320
-0.01034 5.010687
-0.01033 5.015054
-0.01032 5.019420
-0.01031 5.023785
-0.01030 5.028150
-0.01029 5.032515
-0.01028 5.036879
-0.01027 5.041243
-0.01026 5.045606
-0.01025 5.049969
-0.01024 5.054332
-0.01023 5.058693
-0.01022 5.063055
-0.01021 5.067415
-0.01020 5.071776
-0.01019 5.076136
-0.01018 5.080495
-0.01017 5.084853
-0.01016 5.089212
-0.01015 5.093569
-0.01014 5.097926
-0.01013 5.102283
-0.01012 5.106639
-0.01011 5.110994
-0.01010 5.115349
-0.01009 5.119703
-0.01008 5.124056
-0.01007 5.128409
-0.01006 5.132761
-0.01005 5.137113
-0.01004 5.141464
-0.01003 5.145814
-0.01002 5.150164
-0.01001 5.154513
-0.01000 5.158861
-0.00999 5.163208
-0.00998 5.167555
-0.00997 5.171902
-0.00996 5.176247
-0.00995 5.180592
-0.00994 5.184936
-0.00993 5.189279
-0.00992 5.193622
-0.00991 5.197964
-0.00990 5.202305
-0.00989 5.206645
-0.00988 5.210985
-0.00987 5.215324
-0.00986 5.219662
-0.00985 5.223999
-0.00984 5.228335
-0.00983 5.232671
-0.00982 5.237005
-0.00981 5.241339
-0.00980 5.245673
-0.00979 5.250005
-0.00978 5.254336
-0.00977 5.258667
-0.00976 5.262997
-0.00975 5.267325
-0.00974 5.271653
-0.00973 5.275980
-0.00972 5.280307
-0.00971 5.284632
-0.00970 5.288956
-0.00969 5.293280
-0.00968 5.297602
-0.00967 5.301924
-0.00966 5.306244
-0.00965 5.310564
-0.00964 5.314882
-0.00963 5.319200
-0.00962 5.323517
-0.00961 5.327833
-0.00960 5.332147
-0.00959 5.336461
-0.00958 5.340774
-0.00957 5.345086
-0.00956 5.349396
-0.00955 5.353706
-0.00954 5.358015
-0.00953 5.362322
-0.00952 5.366629
-0.00951 5.370934
-0.00950 5.375238
-0.00949 5.379542
-0.00948 5.383844
-0.00947 5.388145
-0.00946 5.392445
-0.00945 5.396744
-0.00944 5.401041
-0.00943 5.405338
-0.00942 5.409634
-0.00941 5.413928
-0.00940 5.418221
-0.00939 5.422513
-0.00938 5.426804
-0.00937 5.431093
-0.00936 5.435382
-0.00935 5.439669
-0.00934 5.443955
-0.00933 5.448240
-0.00932 5.452524
-0.00931 5.456806
-0.00930 5.461087
-0.00929 5.465367
-0.00928 5.469646
-0.00927 5.473923
-0.00926 5.478199
-0.00925 5.482474
-0.00924 5.486747
-0.00923 5.491020
-0.00922 5.495290
-0.00921 5.499560
-0.00920 5.503828
-0.00919 5.508095
-0.00918 5.512361
-0.00917 5.516625
-0.00916 5.520888
-0.00915 5.525150
-0.00914 5.529410
-0.00913 5.533669
-0.00912 5.537926
-0.00911 5.542182
-0.00910 5.546437
-0.00909 5.550690
-0.00908 5.554942
-0.00907 5.559192
-0.00906 5.563441
-0.00905 5.567689
-0.00904 5.571935
-0.00903 5.576179
-0.00902 5.580422
-0.00901 5.584664
-0.00900 5.588904
-0.00899 5.593143
-0.00898 5.597380
-0.00897 5.601615
-0.00896 5.605850
-0.00895 5.610082
-0.00894 5.614313
-0.00893 5.618543
-0.00892 5.622771
-0.00891 5.626997
-0.00890 5.631222
-0.00889 5.635445
-0.00888 5.639667
-0.00887 5.643887
-0.00886 5.648105
-0.00885 5.652322
-0.00884 5.656537
-0.00883 5.660751
-0.00882 5.664963
-0.00881 5.669173
-0.00880 5.673382
-0.00879 5.677589
-0.00878 5.681794
-0.00877 5.685998
-0.00876 5.690200
-0.00875 5.694400
-0.00874 5.698599
-0.00873 5.702796
-0.00872 5.706991
-0.00871 5.711184
-0.00870 5.715376
-0.00869 5.719566
-0.00868 5.723754
-0.00867 5.727941
-0.00866 5.732125
-0.00865 5.736308
-0.00864 5.740489
-0.00863 5.744669
-0.00862 5.748846
-0.00861 5.753022
-0.00860 5.757196
-0.00859 5.761368
-0.00858 5.765538
-0.00857 5.769706
-0.00856 5.773873
-0.00855 5.778038
-0.00854 5.782200
-0.00853 5.786361
-0.00852 5.790520
-0.00851 5.794677
-0.00850 5.798833
-0.00849 5.802986
-0.00848 5.807137
-0.00847 5.811287
-0.00846 5.815434
-0.00845 5.819580
-0.00844 5.823724
-0.00843 5.827865
-0.00842 5.832005
-0.00841 5.836143
-0.00840 5.840279
-0.00839 5.844412
-0.00838 5.848544
-0.00837 5.852674
-0.00836 5.856802
-0.00835 5.860927
-0.00834 5.865051
-0.00833 5.869173
-0.00832 5.873292
-0.00831 5.877410
-0.00830 5.881525
-0.00829 5.885638
-0.00828 5.889750
-0.00827 5.893859
-0.00826 5.897966
-0.00825 5.902071
-0.00824 5.906174
-0.00823 5.910274
-0.00822 5.914373
-0.00821 5.918469
-0.00820 5.922564
-0.00819 5.926656
-0.00818 5.930746
-0.00817 5.934834
-0.00816 5.938919
-0.00815 5.943002
-0.00814 5.947084
-0.00813 5.951163
-0.00812 5.955239
-0.00811 5.959314
-0.00810 5.963386
-0.00809 5.967456
-0.00808 5.971524
-0.00807 5.975589
-0.00806 5.979653
-0.00805 5.983714
-0.00804 5.987772
-0.00803 5.991829
-0.00802 5.995883
-0.00801 5.999934
-0.00800 6.003984
-0.00799 6.008031
-0.00798 6.012076
-0.00797 6.016118
-0.00796 6.020158
-0.00795 6.024196
-0.00794 6.028231
-0.00793 6.032264
-0.00792 6.036295
-0.00791 6.040323
-0.00790 6.044349
-0.00789 6.048372
-0.00788 6.052393
-0.00787 6.056411
-0.00786 6.060427
-0.00785 6.064441
-0.00784 6.068452
-0.00783 6.072461
-0.00782 6.076467
-0.00781 6.080471
-0.00780 6.084472
-0.00779 6.088471
-0.00778 6.092467
-0.00777 6.096461
-0.00776 6.100452
-0.00775 6.104441
-0.00774 6.108427
-0.00773 6.112410
-0.00772 6.116391
-0.00771 6.120370
-0.00770 6.124346
-0.00769 6.128319
-0.00768 6.132290
-0.00767 6.136258
-0.00766 6.140223
-0.00765 6.144186
-0.00764 6.148146
-0.00763 6.152104
-0.00762 6.156059
-0.00761 6.160011
-0.00760 6.163961
-0.00759 6.167908
-0.00758 6.171852
-0.00757 6.175794
-0.00756 6.179733
-0.00755 6.183669
-0.00754 6.187603
-0.00753 6.191534
-0.00752 6.195462
-0.00751 6.199387
-0.00750 6.203310
-0.00749 6.207230
-0.00748 6.211147
-0.00747 6.215061
-0.00746 6.218973
-0.00745 6.222882
-0.00744 6.226788
-0.00743 6.230691
-0.00742 6.234591
-0.00741 6.238489
-0.00740 6.242384
-0.00739 6.246276
-0.00738 6.250165
-0.00737 6.254051
-0.00736 6.257934
-0.00735 6.261815
-0.00734 6.265693
-0.00733 6.269567
-0.00732 6.273439
-0.00731 6.277308
-0.00730 6.281174
-0.00729 6.285038
-0.00728 6.288898
-0.00727 6.292755
-0.00726 6.296610
-0.00725 6.300461
-0.00724 6.304309
-0.00723 6.308155
-0.00722 6.311997
-0.00721 6.315837
-0.00720 6.319674
-0.00719 6.323507
-0.00718 6.327338
-0.00717 6.331165
-0.00716 6.334990
-0.00715 6.338811
-0.00714 6.342630
-0.00713 6.346445
-0.00712 6.350257
-0.00711 6.354067
-0.00710 6.357873
-0.00709 6.361676
-0.00708 6.365476
-0.00707 6.369273
-0.00706 6.373067
-0.00705 6.376857
-0.00704 6.380645
-0.00703 6.384429
-0.00702 6.388211
-0.00701 6.391989
-0.00700 6.395764
-0.00699 6.399536
-0.00698 6.403305
-0.00697 6.407070
-0.00696 6.410832
-0.00695 6.414591
-0.00694 6.418347
-0.00693 6.422100
-0.00692 6.425850
-0.00691 6.429596
-0.00690 6.433339
-0.00689 6.437079
-0.00688 6.440815
-0.00687 6.444548
-0.00686 6.448278
-0.00685 6.452005
-0.00684 6.455728
-0.00683 6.459449
-0.00682 6.463165
-0.00681 6.466879
-0.00680 6.470589
-0.00679 6.474296
-0.00678 6.477999
-0.00677 6.481700
-0.00676 6.485396
-0.00675 6.489090
-0.00674 6.492780
-0.00673 6.496467
-0.00672 6.500150
-0.00671 6.503830
-0.00670 6.507507
-0.00669 6.511180
-0.00668 6.514849
-0.00667 6.518516
-0.00666 6.522179
-0.00665 6.525838
-0.00664 6.529494
-0.00663 6.533146
-0.00662 6.536796
-0.00661 6.540441
-0.00660 6.544083
-0.00659 6.547722
-0.00658 6.551357
-0.00657 6.554988
-0.00656 6.558617
-0.00655 6.562241
-0.00654 6.565862
-0.00653 6.569480
-0.00652 6.573094
-0.00651 6.576704
-0.00650 6.580311
-0.00649 6.583914
-0.00648 6.587514
-0.00647 6.591110
-0.00646 6.594702
-0.00645 6.598291
-0.00644 6.601877
-0.00643 6.605458
-0.00642 6.609036
-0.00641 6.612611
-0.00640 6.616181
-0.00639 6.619749
-0.00638 6.623312
-0.00637 6.626872
-0.00636 6.630428
-0.00635 6.633980
-0.00634 6.637529
-0.00633 6.641074
-0.00632 6.644615
-0.00631 6.648153
-0.00630 6.651687
-0.00629 6.655217
-0.00628 6.658744
-0.00627 6.662266
-0.00626 6.665785
-0.00625 6.669300
-0.00624 6.672812
-0.00623 6.676319
-0.00622 6.679823
-0.00621 6.683323
-0.00620 6.686820
-0.00619 6.690312
-0.00618 6.693801
-0.00617 6.697285
-0.00616 6.700766
-0.00615 6.704243
-0.00614 6.707717
-0.00613 6.711186
-0.00612 6.714652
-0.00611 6.718113
-0.00610 6.721571
-0.00609 6.725025
-0.00608 6.728475
-0.00607 6.731921
-0.00606 6.735363
-0.00605 6.738802
-0.00604 6.742236
-0.00603 6.745667
-0.00602 6.749093
-0.00601 6.752516
-0.00600 6.755934
-0.00599 6.759349
-0.00598 6.762759
-0.00597 6.766166
-0.00596 6.769569
-0.00595 6.772967
-0.00594 6.776362
-0.00593 6.779753
-0.00592 6.783139
-0.00591 6.786522
-0.00590 6.789900
-0.00589 6.793275
-0.00588 6.796645
-0.00587 6.800012
-0.00586 6.803374
-0.00585 6.806733
-0.00584 6.810087
-0.00583 6.813437
-0.00582 6.816783
-0.00581 6.820125
-0.00580 6.823463
-0.00579 6.826796
-0.00578 6.830126
-0.00577 6.833451
-0.00576 6.836772
-0.00575 6.840090
-0.00574 6.843403
-0.00573 6.846711
-0.00572 6.850016
-0.00571 6.853316
-0.00570 6.856613
-0.00569 6.859905
-0.00568 6.863193
-0.00567 6.866476
-0.00566 6.869756
-0.00565 6.873031
-0.00564 6.876302
-0.00563 6.879569
-0.00562 6.882831
-0.00561 6.886089
-0.00560 6.889343
-0.00559 6.892593
-0.00558 6.895838
-0.00557 6.899079
-0.00556 6.902316
-0.00555 6.905549
-0.00554 6.908777
-0.00553 6.912001
-0.00552 6.915220
-0.00551 6.918436
-0.00550 6.921647
-0.00549 6.924853
-0.00548 6.928055
-0.00547 6.931253
-0.00546 6.934447
-0.00545 6.937636
-0.00544 6.940821
-0.00543 6.944001
-0.00542 6.947177
-0.00541 6.950348
-0.00540 6.953516
-0.00539 6.956678
-0.00538 6.959837
-0.00537 6.962990
-0.00536 6.966140
-0.00535 6.969285
-0.00534 6.972425
-0.00533 6.975561
-0.00532 6.978693
-0.00531 6.981820
-0.00530 6.984943
-0.00529 6.988061
-0.00528 6.991174
-0.00527 6.994283
-0.00526 6.997388
-0.00525 7.000488
-0.00524 7.003584
-0.00523 7.006675
-0.00522 7.009761
-0.00521 7.012843
-0.00520 7.015920
-0.00519 7.018993
-0.00518 7.022061
-0.00517 7.025125
-0.00516 7.028184
-0.00515 7.031238
-0.00514 7.034288
-0.00513 7.037334
-0.00512 7.040374
-0.00511 7.043410
-0.00510 7.046442
-0.00509 7.049468
-0.00508 7.052490
-0.00507 7.055508
-0.00506 7.058521
-0.00505 7.061529
-0.00504 7.064532
-0.00503 7.067531
-0.00502 7.070525
-0.00501 7.073515
-0.00500 7.076499
-0.00499 7.079479
-0.00498 7.082455
-0.00497 7.085425
-0.00496 7.088391
-0.00495 7.091352
-0.00494 7.094308
-0.00493 7.097260
-0.00492 7.100207
-0.00491 7.103149
-0.00490 7.106086
-0.00489 7.109019
-0.00488 7.111947
-0.00487 7.114870
-0.00486 7.117788
-0.00485 7.120701
-0.00484 7.123610
-0.00483 7.126513
-0.00482 7.129412
-0.00481 7.132307
-0.00480 7.135196
-0.00479 7.138080
-0.00478 7.140960
-0.00477 7.143834
-0.00476 7.146704
-0.00475 7.149569
-0.00474 7.152429
-0.00473 7.155284
-0.00472 7.158135
-0.00471 7.160980
-0.00470 7.163821
-0.00469 7.166656
-0.00468 7.169487
-0.00467 7.172313
-0.00466 7.175133
-0.00465 7.177949
-0.00464 7.180760
-0.00463 7.183566
-0.00462 7.186367
-0.00461 7.189163
-0.00460 7.191954
-0.00459 7.194740
-0.00458 7.197522
-0.00457 7.200298
-0.00456 7.203069
-0.00455 7.205835
-0.00454 7.208596
-0.00453 7.211352
-0.00452 7.214103
-0.00451 7.216849
-0.00450 7.219590
-0.00449 7.222326
-0.00448 7.225057
-0.00447 7.227783
-0.00446 7.230503
-0.00445 7.233219
-0.00444 7.235930
-0.00443 7.238635
-0.00442 7.241336
-0.00441 7.244031
-0.00440 7.246721
-0.00439 7.249406
-0.00438 7.252086
-0.00437 7.254761
-0.00436 7.257431
-0.00435 7.260096
-0.00434 7.262755
-0.00433 7.265409
-0.00432 7.268059
-0.00431 7.270703
-0.00430 7.273341
-0.00429 7.275975
-0.00428 7.278604
-0.00427 7.281227
-0.00426 7.283845
-0.00425 7.286458
-0.00424 7.289066
-0.00423 7.291668
-0.00422 7.294265
-0.00421 7.296857
-0.00420 7.299444
-0.00419 7.302026
-0.00418 7.304602
-0.00417 7.307173
-0.00416 7.309739
-0.00415 7.312300
-0.00414 7.314855
-0.00413 7.317405
-0.00412 7.319950
-0.00411 7.322489
-0.00410 7.325023
-0.00409 7.327552
-0.00408 7.330076
-0.00407 7.332594
-0.00406 7.335107
-0.00405 7.337615
-0.00404 7.340117
-0.00403 7.342614
-0.00402 7.345106
-0.00401 7.347592
-0.00400 7.350073
-0.00399 7.352548
-0.00398 7.355019
-0.00397 7.357483
-0.00396 7.359943
-0.00395 7.362397
-0.00394 7.364846
-0.00393 7.367289
-0.00392 7.369727
-0.00391 7.372159
-0.00390 7.374586
-0.00389 7.377008
-0.00388 7.379424
-0.00387 7.381835
-0.00386 7.384240
-0.00385 7.386640
-0.00384 7.389035
-0.00383 7.391424
-0.00382 7.393807
-0.00381 7.396186
-0.00380 7.398558
-0.00379 7.400925
-0.00378 7.403287
-0.00377 7.405643
-0.00376 7.407994
-0.00375 7.410339
-0.00374 7.412679
-0.00373 7.415013
-0.00372 7.417342
-0.00371 7.419665
-0.00370 7.421982
-0.00369 7.424295
-0.00368 7.426601
-0.00367 7.428902
-0.00366 7.431198
-0.00365 7.433487
-0.00364 7.435772
-0.00363 7.438051
-0.00362 7.440324
-0.00361 7.442591
-0.00360 7.444853
-0.00359 7.447110
-0.00358 7.449361
-0.00357 7.451606
-0.00356 7.453846
-0.00355 7.456080
-0.00354 7.458308
-0.00353 7.460531
-0.00352 7.462748
-0.00351 7.464960
-0.00350 7.467166
-0.00349 7.469366
-0.00348 7.471561
-0.00347 7.473749
-0.00346 7.475933
-0.00345 7.478110
-0.00344 7.480282
-0.00343 7.482449
-0.00342 7.484609
-0.00341 7.486764
-0.00340 7.488914
-0.00339 7.491057
-0.00338 7.493195
-0.00337 7.495327
-0.00336 7.497454
-0.00335 7.499574
-0.00334 7.501689
-0.00333 7.503798
-0.00332 7.505902
-0.00331 7.508000
-0.00330 7.510092
-0.00329 7.512178
-0.00328 7.514259
-0.00327 7.516334
-0.00326 7.518403
-0.00325 7.520466
-0.00324 7.522523
-0.00323 7.524575
-0.00322 7.526621
-0.00321 7.528661
-0.00320 7.530695
-0.00319 7.532724
-0.00318 7.534747
-0.00317 7.536764
-0.00316 7.538775
-0.00315 7.540780
-0.00314 7.542780
-0.00313 7.544773
-0.00312 7.546761
-0.00311 7.548743
-0.00310 7.550719
-0.00309 7.552690
-0.00308 7.554654
-0.00307 7.556613
-0.00306 7.558565
-0.00305 7.560512
-0.00304 7.562453
-0.00303 7.564388
-0.00302 7.566318
-0.00301 7.568241
-0.00300 7.570158
-0.00299 7.572070
-0.00298 7.573976
-0.00297 7.575875
-0.00296 7.577769
-0.00295 7.579657
-0.00294 7.581539
-0.00293 7.583415
-0.00292 7.585285
-0.00291 7.587150
-0.00290 7.589008
-0.00289 7.590860
-0.00288 7.592707
-0.00287 7.594547
-0.00286 7.596382
-0.00285 7.598210
-0.00284 7.600033
-0.00283 7.601849
-0.00282 7.603660
-0.00281 7.605465
-0.00280 7.607263
-0.00279 7.609056
-0.00278 7.610843
-0.00277 7.612623
-0.00276 7.614398
-0.00275 7.616167
-0.00274 7.617929
-0.00273 7.619686
-0.00272 7.621437
-0.00271 7.623181
-0.00270 7.624920
-0.00269 7.626653
-0.00268 7.628379
-0.00267 7.630100
-0.00266 7.631814
-0.00265 7.633523
-0.00264 7.635225
-0.00263 7.636921
-0.00262 7.638611
-0.00261 7.640296
-0.00260 7.641974
-0.00259 7.643646
-0.00258 7.645312
-0.00257 7.646972
-0.00256 7.648625
-0.00255 7.650273
-0.00254 7.651915
-0.00253 7.653550
-0.00252 7.655180
-0.00251 7.656803
-0.00250 7.658420
-0.00249 7.660031
-0.00248 7.661636
-0.00247 7.663235
-0.00246 7.664828
-0.00245 7.666414
-0.00244 7.667995
-0.00243 7.669569
-0.00242 7.671137
-0.00241 7.672699
-0.00240 7.674255
-0.00239 7.675805
-0.00238 7.677349
-0.00237 7.678886
-0.00236 7.680417
-0.00235 7.681942
-0.00234 7.683461
-0.00233 7.684974
-0.00232 7.686481
-0.00231 7.687981
-0.00230 7.689475
-0.00229 7.690963
-0.00228 7.692445
-0.00227 7.693920
-0.00226 7.695390
-0.00225 7.696853
-0.00224 7.698310
-0.00223 7.699761
-0.00222 7.701205
-0.00221 7.702644
-0.00220 7.704076
-0.00219 7.705502
-0.00218 7.706921
-0.00217 7.708335
-0.00216 7.709742
-0.00215 7.711143
-0.00214 7.712538
-0.00213 7.713926
-0.00212 7.715308
-0.00211 7.716684
-0.00210 7.718054
-0.00209 7.719417
-0.00208 7.720774
-0.00207 7.722125
-0.00206 7.723470
-0.00205 7.724808
-0.00204 7.726140
-0.00203 7.727466
-0.00202 7.728786
-0.00201 7.730099
-0.00200 7.731406
-0.00199 7.732706
-0.00198 7.734001
-0.00197 7.735289
-0.00196 7.736570
-0.00195 7.737846
-0.00194 7.739115
-0.00193 7.740378
-0.00192 7.741634
-0.00191 7.742884
-0.00190 7.744128
-0.00189 7.745366
-0.00188 7.746597
-0.00187 7.747822
-0.00186 7.749040
-0.00185 7.750252
-0.00184 7.751458
-0.00183 7.752657
-0.00182 7.753851
-0.00181 7.755037
-0.00180 7.756218
-0.00179 7.757392
-0.00178 7.758559
-0.00177 7.759721
-0.00176 7.760876
-0.00175 7.762024
-0.00174 7.763167
-0.00173 7.764302
-0.00172 7.765432
-0.00171 7.766555
-0.00170 7.767672
-0.00169 7.768782
-0.00168 7.769886
-0.00167 7.770983
-0.00166 7.772075
-0.00165 7.773159
-0.00164 7.774238
-0.00163 7.775310
-0.00162 7.776375
-0.00161 7.777434
-0.00160 7.778487
-0.00159 7.779533
-0.00158 7.780573
-0.00157 7.781607
-0.00156 7.782634
-0.00155 7.783654
-0.00154 7.784668
-0.00153 7.785676
-0.00152 7.786678
-0.00151 7.787672
-0.00150 7.788661
-0.00149 7.789643
-0.00148 7.790619
-0.00147 7.791588
-0.00146 7.792550
-0.00145 7.793507
-0.00144 7.794456
-0.00143 7.795400
-0.00142 7.796337
-0.00141 7.797267
-0.00140 7.798191
-0.00139 7.799109
-0.00138 7.800020
-0.00137 7.800924
-0.00136 7.801822
-0.00135 7.802714
-0.00134 7.803599
-0.00133 7.804478
-0.00132 7.805350
-0.00131 7.806216
-0.00130 7.807075
-0.00129 7.807928
-0.00128 7.808774
-0.00127 7.809614
-0.00126 7.810447
-0.00125 7.811274
-0.00124 7.812094
-0.00123 7.812908
-0.00122 7.813715
-0.00121 7.814516
-0.00120 7.815310
-0.00119 7.816098
-0.00118 7.816879
-0.00117 7.817654
-0.00116 7.818422
-0.00115 7.819184
-0.00114 7.819939
-0.00113 7.820688
-0.00112 7.821430
-0.00111 7.822166
-0.00110 7.822895
-0.00109 7.823618
-0.00108 7.824334
-0.00107 7.825043
-0.00106 7.825746
-0.00105 7.826443
-0.00104 7.827133
-0.00103 7.827816
-0.00102 7.828493
-0.00101 7.829164
-0.00100 7.829827
-0.00099 7.830485
-0.00098 7.831135
-0.00097 7.831780
-0.00096 7.832417
-0.00095 7.833048
-0.00094 7.833673
-0.00093 7.834291
-0.00092 7.834902
-0.00091 7.835507
-0.00090 7.836106
-0.00089 7.836697
-0.00088 7.837283
-0.00087 7.837861
-0.00086 7.838433
-0.00085 7.838999
-0.00084 7.839558
-0.00083 7.840110
-0.00082 7.840656
-0.00081 7.841195
-0.00080 7.841728
-0.00079 7.842254
-0.00078 7.842773
-0.00077 7.843286
-0.00076 7.843793
-0.00075 7.844293
-0.00074 7.844786
-0.00073 7.845272
-0.00072 7.845753
-0.00071 7.846226
-0.00070 7.846693
-0.00069 7.847153
-0.00068 7.847607
-0.00067 7.848054
-0.00066 7.848495
-0.00065 7.848929
-0.00064 7.849356
-0.00063 7.849777
-0.00062 7.850191
-0.00061 7.850599
-0.00060 7.851000
-0.00059 7.851394
-0.00058 7.851782
-0.00057 7.852163
-0.00056 7.852538
-0.00055 7.852906
-0.00054 7.853267
-0.00053 7.853622
-0.00052 7.853970
-0.00051 7.854312
-0.00050 7.854647
-0.00049 7.854975
-0.00048 7.855297
-0.00047 7.855612
-0.00046 7.855921
-0.00045 7.856223
-0.00044 7.856518
-0.00043 7.856807
-0.00042 7.857089
-0.00041 7.857364
-0.00040 7.857633
-0.00039 7.857896
-0.00038 7.858151
-0.00037 7.858400
-0.00036 7.858643
-0.00035 7.858879
-0.00034 7.859108
-0.00033 7.859330
-0.00032 7.859546
-0.00031 7.859756
-0.00030 7.859959
-0.00029 7.860155
-0.00028 7.860344
-0.00027 7.860527
-0.00026 7.860703
-0.00025 7.860873
-0.00024 7.861036
-0.00023 7.861193
-0.00022 7.861342
-0.00021 7.861486
-0.00020 7.861622
-0.00019 7.861752
-0.00018 7.861875
-0.00017 7.861992
-0.00016 7.862102
-0.00015 7.862206
-0.00014 7.862302
-0.00013 7.862393
-0.00012 7.862476
-0.00011 7.862553
-0.00010 7.862623
-0.00009 7.862687
-0.00008 7.862744
-0.00007 7.862795
-0.00006 7.862838
-0.00005 7.862876
-0.00004 7.862906
-0.00003 7.862930
-0.00002 7.862947
