-3.10000 0.001260
-3.00000 0.001890
-2.90000 0.002590
-2.80000 0.003360
-2.70000 0.004189
-2.60000 0.005053
-2.50000 0.005914
-2.40000 0.006720
-2.30000 0.007406
-2.20000 0.007901
-2.10000 0.008129
-2.00000 0.008022
-1.90000 0.007527
-1.80000 0.006617
-1.70000 0.005298
-1.60000 0.003620
-1.50000 0.001675
-1.40000 -0.000401
-1.30000 -0.002442
-1.20000 -0.004262
-1.10000 -0.005678
-1.00000 -0.006535
-0.90000 -0.006722
-0.80000 -0.006197
-0.70000 -0.004998
-0.60000 -0.003241
-0.50000 -0.001115
-0.40000 0.001140
-0.30000 0.003260
-0.20000 0.004992
-0.10000 0.006124
0.00000 0.006517
0.10000 0.006124
0.20000 0.004992
0.30000 0.003260
0.40000 0.001140
0.50000 -0.001115
0.60000 -0.003241
0.70000 -0.004998
0.80000 -0.006197
0.90000 -0.006722
1.00000 -0.006535
1.10000 -0.005678
1.20000 -0.004262
1.30000 -0.002442
1.40000 -0.000401
1.50000 0.001675
1.60000 0.003620
1.70000 0.005298
1.80000 0.006617
1.90000 0.007527
2.00000 0.008022
2.10000 0.008129
2.20000 0.007901
2.30000 0.007406
2.40000 0.006720
2.50000 0.005914
2.60000 0.005053
2.70000 0.004189
2.80000 0.003360
2.90000 0.002590
3.00000 0.001890
3.10000 0.001260
