0.00 0.000000
0.01 0.088800
0.02 0.176812
0.03 0.263254
0.04 0.347360
0.05 0.428383
0.06 0.505603
0.07 0.578335
0.08 0.645934
0.09 0.707800
0.10 0.763383
0.11 0.812191
0.12 0.853789
0.13 0.887809
0.14 0.913949
0.15 0.931976
0.16 0.941732
0.17 0.943128
0.18 0.936153
0.19 0.920869
0.20 0.897411
0.21 0.865987
0.22 0.826877
0.23 0.780428
0.24 0.727051
0.25 0.667221
0.26 0.601469
0.27 0.530378
0.28 0.454580
0.29 0.374746
0.30 0.291586
0.31 0.205838
0.32 0.118263
0.33 0.029639
0.34 -0.059249
0.35 -0.147611
0.36 -0.234662
0.37 -0.319631
0.38 -0.401763
0.39 -0.480328
0.40 -0.554631
0.41 -0.624010
0.42 -0.687850
0.43 -0.745585
0.44 -0.796702
0.45 -0.840748
0.46 -0.877331
0.47 -0.906127
0.48 -0.926880
0.49 -0.939406
0.50 -0.943594
0.51 -0.939406
0.52 -0.926880
0.53 -0.906127
0.54 -0.877331
0.55 -0.840748
0.56 -0.796702
0.57 -0.745585
0.58 -0.687850
0.59 -0.624009
0.60 -0.554630
0.61 -0.480328
0.62 -0.401762
0.63 -0.319631
0.64 -0.234662
0.65 -0.147610
0.66 -0.059248
0.67 0.029639
0.68 0.118264
0.69 0.205839
0.70 0.291587
0.71 0.374746
0.72 0.454580
0.73 0.530379
0.74 0.601469
0.75 0.667222
0.76 0.727052
0.77 0.780428
0.78 0.826877
0.79 0.865987
0.80 0.897411
0.81 0.920869
0.82 0.936153
0.83 0.943128
0.84 0.941732
0.85 0.931976
0.86 0.913949
0.87 0.887809
0.88 0.853789
0.89 0.812190
0.90 0.763383
0.91 0.707800
0.92 0.645934
0.93 0.578335
0.94 0.505602
0.95 0.428382
0.96 0.347360
0.97 0.263254
0.98 0.176811
0.99 0.088800
1.00 -0.000000
